2020/03/28-15:30:23.952997 7fdaf1ec2700 RocksDB version: 6.4.6
2020/03/28-15:30:23.953052 7fdaf1ec2700 Git sha rocksdb_build_git_sha:
2020/03/28-15:30:23.953054 7fdaf1ec2700 Compile date Nov 24 2019
2020/03/28-15:30:23.953060 7fdaf1ec2700 DB SUMMARY
2020/03/28-15:30:23.953128 7fdaf1ec2700 CURRENT file:  CURRENT
2020/03/28-15:30:23.953130 7fdaf1ec2700 IDENTITY file:  IDENTITY
2020/03/28-15:30:23.953142 7fdaf1ec2700 MANIFEST file:  MANIFEST-000061 size: 932 Bytes
2020/03/28-15:30:23.953145 7fdaf1ec2700 SST files in /home/yehia/Documents/Projects/Hyperledger Besu/besu-network-ibft2-master/ibft-besu/node-1/data/database dir, Total Num: 5, files: 000029.sst 000030.sst 000046.sst 000062.sst 000063.sst 
2020/03/28-15:30:23.953146 7fdaf1ec2700 Write Ahead Log file in /home/yehia/Documents/Projects/Hyperledger Besu/besu-network-ibft2-master/ibft-besu/node-1/data/database: 000003.log size: 664868 ; 000031.log size: 629 ; 000047.log size: 25835 ; 000064.log size: 98710 ; 
2020/03/28-15:30:23.953149 7fdaf1ec2700                         Options.error_if_exists: 0
2020/03/28-15:30:23.953151 7fdaf1ec2700                       Options.create_if_missing: 1
2020/03/28-15:30:23.953152 7fdaf1ec2700                         Options.paranoid_checks: 1
2020/03/28-15:30:23.953152 7fdaf1ec2700                                     Options.env: 0x7fda89bfeb60
2020/03/28-15:30:23.953153 7fdaf1ec2700                                Options.info_log: 0x7fdae91aca70
2020/03/28-15:30:23.953154 7fdaf1ec2700                Options.max_file_opening_threads: 16
2020/03/28-15:30:23.953155 7fdaf1ec2700                              Options.statistics: 0x7fdae9148220
2020/03/28-15:30:23.953156 7fdaf1ec2700                               Options.use_fsync: 0
2020/03/28-15:30:23.953157 7fdaf1ec2700                       Options.max_log_file_size: 0
2020/03/28-15:30:23.953158 7fdaf1ec2700                  Options.max_manifest_file_size: 1073741824
2020/03/28-15:30:23.953159 7fdaf1ec2700                   Options.log_file_time_to_roll: 0
2020/03/28-15:30:23.953159 7fdaf1ec2700                       Options.keep_log_file_num: 1000
2020/03/28-15:30:23.953160 7fdaf1ec2700                    Options.recycle_log_file_num: 0
2020/03/28-15:30:23.953161 7fdaf1ec2700                         Options.allow_fallocate: 1
2020/03/28-15:30:23.953162 7fdaf1ec2700                        Options.allow_mmap_reads: 0
2020/03/28-15:30:23.953163 7fdaf1ec2700                       Options.allow_mmap_writes: 0
2020/03/28-15:30:23.953164 7fdaf1ec2700                        Options.use_direct_reads: 0
2020/03/28-15:30:23.953164 7fdaf1ec2700                        Options.use_direct_io_for_flush_and_compaction: 0
2020/03/28-15:30:23.953165 7fdaf1ec2700          Options.create_missing_column_families: 1
2020/03/28-15:30:23.953166 7fdaf1ec2700                              Options.db_log_dir: 
2020/03/28-15:30:23.953167 7fdaf1ec2700                                 Options.wal_dir: /home/yehia/Documents/Projects/Hyperledger Besu/besu-network-ibft2-master/ibft-besu/node-1/data/database
2020/03/28-15:30:23.953168 7fdaf1ec2700                Options.table_cache_numshardbits: 6
2020/03/28-15:30:23.953169 7fdaf1ec2700                      Options.max_subcompactions: 1
2020/03/28-15:30:23.953169 7fdaf1ec2700                  Options.max_background_flushes: -1
2020/03/28-15:30:23.953170 7fdaf1ec2700                         Options.WAL_ttl_seconds: 0
2020/03/28-15:30:23.953171 7fdaf1ec2700                       Options.WAL_size_limit_MB: 0
2020/03/28-15:30:23.953172 7fdaf1ec2700             Options.manifest_preallocation_size: 4194304
2020/03/28-15:30:23.953173 7fdaf1ec2700                     Options.is_fd_close_on_exec: 1
2020/03/28-15:30:23.953174 7fdaf1ec2700                   Options.advise_random_on_open: 1
2020/03/28-15:30:23.953175 7fdaf1ec2700                    Options.db_write_buffer_size: 0
2020/03/28-15:30:23.953175 7fdaf1ec2700                    Options.write_buffer_manager: 0x7fdae91adb00
2020/03/28-15:30:23.953176 7fdaf1ec2700         Options.access_hint_on_compaction_start: 1
2020/03/28-15:30:23.953177 7fdaf1ec2700  Options.new_table_reader_for_compaction_inputs: 0
2020/03/28-15:30:23.953186 7fdaf1ec2700           Options.random_access_max_buffer_size: 1048576
2020/03/28-15:30:23.953187 7fdaf1ec2700                      Options.use_adaptive_mutex: 0
2020/03/28-15:30:23.953187 7fdaf1ec2700                            Options.rate_limiter: (nil)
2020/03/28-15:30:23.953190 7fdaf1ec2700     Options.sst_file_manager.rate_bytes_per_sec: 0
2020/03/28-15:30:23.953190 7fdaf1ec2700                       Options.wal_recovery_mode: 2
2020/03/28-15:30:23.953191 7fdaf1ec2700                  Options.enable_thread_tracking: 0
2020/03/28-15:30:23.953192 7fdaf1ec2700                  Options.enable_pipelined_write: 0
2020/03/28-15:30:23.953193 7fdaf1ec2700                  Options.unordered_write: 0
2020/03/28-15:30:23.953194 7fdaf1ec2700         Options.allow_concurrent_memtable_write: 1
2020/03/28-15:30:23.953195 7fdaf1ec2700      Options.enable_write_thread_adaptive_yield: 1
2020/03/28-15:30:23.953195 7fdaf1ec2700             Options.write_thread_max_yield_usec: 100
2020/03/28-15:30:23.953196 7fdaf1ec2700            Options.write_thread_slow_yield_usec: 3
2020/03/28-15:30:23.953197 7fdaf1ec2700                               Options.row_cache: None
2020/03/28-15:30:23.953198 7fdaf1ec2700                              Options.wal_filter: None
2020/03/28-15:30:23.953199 7fdaf1ec2700             Options.avoid_flush_during_recovery: 0
2020/03/28-15:30:23.953200 7fdaf1ec2700             Options.allow_ingest_behind: 0
2020/03/28-15:30:23.953201 7fdaf1ec2700             Options.preserve_deletes: 0
2020/03/28-15:30:23.953201 7fdaf1ec2700             Options.two_write_queues: 0
2020/03/28-15:30:23.953202 7fdaf1ec2700             Options.manual_wal_flush: 0
2020/03/28-15:30:23.953203 7fdaf1ec2700             Options.atomic_flush: 0
2020/03/28-15:30:23.953204 7fdaf1ec2700             Options.avoid_unnecessary_blocking_io: 0
2020/03/28-15:30:23.953205 7fdaf1ec2700                 Options.persist_stats_to_disk: 0
2020/03/28-15:30:23.953205 7fdaf1ec2700                 Options.log_readahead_size: 0
2020/03/28-15:30:23.953207 7fdaf1ec2700             Options.max_background_jobs: 2
2020/03/28-15:30:23.953208 7fdaf1ec2700             Options.max_background_compactions: 4
2020/03/28-15:30:23.953209 7fdaf1ec2700             Options.avoid_flush_during_shutdown: 0
2020/03/28-15:30:23.953210 7fdaf1ec2700           Options.writable_file_max_buffer_size: 1048576
2020/03/28-15:30:23.953210 7fdaf1ec2700             Options.delayed_write_rate : 16777216
2020/03/28-15:30:23.953211 7fdaf1ec2700             Options.max_total_wal_size: 0
2020/03/28-15:30:23.953212 7fdaf1ec2700             Options.delete_obsolete_files_period_micros: 21600000000
2020/03/28-15:30:23.953213 7fdaf1ec2700                   Options.stats_dump_period_sec: 600
2020/03/28-15:30:23.953214 7fdaf1ec2700                 Options.stats_persist_period_sec: 600
2020/03/28-15:30:23.953215 7fdaf1ec2700                 Options.stats_history_buffer_size: 1048576
2020/03/28-15:30:23.953216 7fdaf1ec2700                          Options.max_open_files: 1024
2020/03/28-15:30:23.953216 7fdaf1ec2700                          Options.bytes_per_sync: 0
2020/03/28-15:30:23.953217 7fdaf1ec2700                      Options.wal_bytes_per_sync: 0
2020/03/28-15:30:23.953218 7fdaf1ec2700                   Options.strict_bytes_per_sync: 0
2020/03/28-15:30:23.953219 7fdaf1ec2700       Options.compaction_readahead_size: 0
2020/03/28-15:30:23.953220 7fdaf1ec2700 Compression algorithms supported:
2020/03/28-15:30:23.953221 7fdaf1ec2700 	kZSTDNotFinalCompression supported: 1
2020/03/28-15:30:23.953226 7fdaf1ec2700 	kZSTD supported: 1
2020/03/28-15:30:23.953227 7fdaf1ec2700 	kXpressCompression supported: 0
2020/03/28-15:30:23.953228 7fdaf1ec2700 	kLZ4HCCompression supported: 1
2020/03/28-15:30:23.953229 7fdaf1ec2700 	kLZ4Compression supported: 1
2020/03/28-15:30:23.953230 7fdaf1ec2700 	kBZip2Compression supported: 1
2020/03/28-15:30:23.953231 7fdaf1ec2700 	kZlibCompression supported: 1
2020/03/28-15:30:23.953232 7fdaf1ec2700 	kSnappyCompression supported: 1
2020/03/28-15:30:23.953235 7fdaf1ec2700 Fast CRC32 supported: Not supported on x86
2020/03/28-15:30:23.961182 7fdaf1ec2700 [rsion_set.cc:4252] Recovering from manifest file: /home/yehia/Documents/Projects/Hyperledger Besu/besu-network-ibft2-master/ibft-besu/node-1/data/database/MANIFEST-000061
2020/03/28-15:30:23.961333 7fdaf1ec2700 [lumn_family.cc:481] --------------- Options for column family [default]:
2020/03/28-15:30:23.961337 7fdaf1ec2700               Options.comparator: leveldb.BytewiseComparator
2020/03/28-15:30:23.961339 7fdaf1ec2700           Options.merge_operator: None
2020/03/28-15:30:23.961340 7fdaf1ec2700        Options.compaction_filter: None
2020/03/28-15:30:23.961341 7fdaf1ec2700        Options.compaction_filter_factory: None
2020/03/28-15:30:23.961341 7fdaf1ec2700         Options.memtable_factory: SkipListFactory
2020/03/28-15:30:23.961343 7fdaf1ec2700            Options.table_factory: BlockBasedTable
2020/03/28-15:30:23.961372 7fdaf1ec2700            table_factory options:   flush_block_policy_factory: FlushBlockBySizePolicyFactory (0x7fdae914a690)
  cache_index_and_filter_blocks: 0
  cache_index_and_filter_blocks_with_high_priority: 0
  pin_l0_filter_and_index_blocks_in_cache: 0
  pin_top_level_index_and_filter: 1
  index_type: 0
  data_block_index_type: 0
  index_shortening: 1
  data_block_hash_table_util_ratio: 0.750000
  hash_index_allow_collision: 1
  checksum: 1
  no_block_cache: 0
  block_cache: 0x7fdae91488a0
  block_cache_name: LRUCache
  block_cache_options:
    capacity : 8388608
    num_shard_bits : 4
    strict_capacity_limit : 0
    memory_allocator : None
    high_pri_pool_ratio: 0.000
  block_cache_compressed: (nil)
  persistent_cache: (nil)
  block_size: 4096
  block_size_deviation: 10
  block_restart_interval: 16
  index_block_restart_interval: 1
  metadata_block_size: 4096
  partition_filters: 0
  use_delta_encoding: 1
  filter_policy: nullptr
  whole_key_filtering: 1
  verify_compression: 1
  read_amp_bytes_per_bit: 0
  format_version: 2
  enable_index_compression: 1
  block_align: 0
2020/03/28-15:30:23.961374 7fdaf1ec2700        Options.write_buffer_size: 67108864
2020/03/28-15:30:23.961375 7fdaf1ec2700  Options.max_write_buffer_number: 2
2020/03/28-15:30:23.961376 7fdaf1ec2700          Options.compression: Snappy
2020/03/28-15:30:23.961377 7fdaf1ec2700                  Options.bottommost_compression: Disabled
2020/03/28-15:30:23.961378 7fdaf1ec2700       Options.prefix_extractor: nullptr
2020/03/28-15:30:23.961379 7fdaf1ec2700   Options.memtable_insert_with_hint_prefix_extractor: nullptr
2020/03/28-15:30:23.961380 7fdaf1ec2700             Options.num_levels: 7
2020/03/28-15:30:23.961381 7fdaf1ec2700        Options.min_write_buffer_number_to_merge: 1
2020/03/28-15:30:23.961382 7fdaf1ec2700     Options.max_write_buffer_number_to_maintain: 2
2020/03/28-15:30:23.961383 7fdaf1ec2700            Options.bottommost_compression_opts.window_bits: -14
2020/03/28-15:30:23.961383 7fdaf1ec2700                  Options.bottommost_compression_opts.level: 32767
2020/03/28-15:30:23.961384 7fdaf1ec2700               Options.bottommost_compression_opts.strategy: 0
2020/03/28-15:30:23.961385 7fdaf1ec2700         Options.bottommost_compression_opts.max_dict_bytes: 0
2020/03/28-15:30:23.961386 7fdaf1ec2700         Options.bottommost_compression_opts.zstd_max_train_bytes: 0
2020/03/28-15:30:23.961387 7fdaf1ec2700                  Options.bottommost_compression_opts.enabled: false
2020/03/28-15:30:23.961388 7fdaf1ec2700            Options.compression_opts.window_bits: -14
2020/03/28-15:30:23.961389 7fdaf1ec2700                  Options.compression_opts.level: 32767
2020/03/28-15:30:23.961390 7fdaf1ec2700               Options.compression_opts.strategy: 0
2020/03/28-15:30:23.961391 7fdaf1ec2700         Options.compression_opts.max_dict_bytes: 0
2020/03/28-15:30:23.961392 7fdaf1ec2700         Options.compression_opts.zstd_max_train_bytes: 0
2020/03/28-15:30:23.961393 7fdaf1ec2700                  Options.compression_opts.enabled: false
2020/03/28-15:30:23.961393 7fdaf1ec2700      Options.level0_file_num_compaction_trigger: 4
2020/03/28-15:30:23.961411 7fdaf1ec2700          Options.level0_slowdown_writes_trigger: 20
2020/03/28-15:30:23.961413 7fdaf1ec2700              Options.level0_stop_writes_trigger: 36
2020/03/28-15:30:23.961414 7fdaf1ec2700                   Options.target_file_size_base: 67108864
2020/03/28-15:30:23.961415 7fdaf1ec2700             Options.target_file_size_multiplier: 1
2020/03/28-15:30:23.961415 7fdaf1ec2700                Options.max_bytes_for_level_base: 268435456
2020/03/28-15:30:23.961416 7fdaf1ec2700                      Options.snap_refresh_nanos: 0
2020/03/28-15:30:23.961417 7fdaf1ec2700 Options.level_compaction_dynamic_level_bytes: 0
2020/03/28-15:30:23.961418 7fdaf1ec2700          Options.max_bytes_for_level_multiplier: 10.000000
2020/03/28-15:30:23.961420 7fdaf1ec2700 Options.max_bytes_for_level_multiplier_addtl[0]: 1
2020/03/28-15:30:23.961421 7fdaf1ec2700 Options.max_bytes_for_level_multiplier_addtl[1]: 1
2020/03/28-15:30:23.961422 7fdaf1ec2700 Options.max_bytes_for_level_multiplier_addtl[2]: 1
2020/03/28-15:30:23.961423 7fdaf1ec2700 Options.max_bytes_for_level_multiplier_addtl[3]: 1
2020/03/28-15:30:23.961424 7fdaf1ec2700 Options.max_bytes_for_level_multiplier_addtl[4]: 1
2020/03/28-15:30:23.961425 7fdaf1ec2700 Options.max_bytes_for_level_multiplier_addtl[5]: 1
2020/03/28-15:30:23.961426 7fdaf1ec2700 Options.max_bytes_for_level_multiplier_addtl[6]: 1
2020/03/28-15:30:23.961427 7fdaf1ec2700       Options.max_sequential_skip_in_iterations: 8
2020/03/28-15:30:23.961427 7fdaf1ec2700                    Options.max_compaction_bytes: 1677721600
2020/03/28-15:30:23.961428 7fdaf1ec2700                        Options.arena_block_size: 8388608
2020/03/28-15:30:23.961429 7fdaf1ec2700   Options.soft_pending_compaction_bytes_limit: 68719476736
2020/03/28-15:30:23.961430 7fdaf1ec2700   Options.hard_pending_compaction_bytes_limit: 274877906944
2020/03/28-15:30:23.961431 7fdaf1ec2700       Options.rate_limit_delay_max_milliseconds: 100
2020/03/28-15:30:23.961432 7fdaf1ec2700                Options.disable_auto_compactions: 1
2020/03/28-15:30:23.961433 7fdaf1ec2700                        Options.compaction_style: kCompactionStyleLevel
2020/03/28-15:30:23.961435 7fdaf1ec2700                          Options.compaction_pri: kMinOverlappingRatio
2020/03/28-15:30:23.961436 7fdaf1ec2700 Options.compaction_options_universal.size_ratio: 1
2020/03/28-15:30:23.961437 7fdaf1ec2700 Options.compaction_options_universal.min_merge_width: 2
2020/03/28-15:30:23.961437 7fdaf1ec2700 Options.compaction_options_universal.max_merge_width: 4294967295
2020/03/28-15:30:23.961438 7fdaf1ec2700 Options.compaction_options_universal.max_size_amplification_percent: 200
2020/03/28-15:30:23.961439 7fdaf1ec2700 Options.compaction_options_universal.compression_size_percent: -1
2020/03/28-15:30:23.961441 7fdaf1ec2700 Options.compaction_options_universal.stop_style: kCompactionStopStyleTotalSize
2020/03/28-15:30:23.961441 7fdaf1ec2700 Options.compaction_options_fifo.max_table_files_size: 1073741824
2020/03/28-15:30:23.961442 7fdaf1ec2700 Options.compaction_options_fifo.allow_compaction: 0
2020/03/28-15:30:23.961443 7fdaf1ec2700                   Options.table_properties_collectors: 
2020/03/28-15:30:23.961444 7fdaf1ec2700                   Options.inplace_update_support: 0
2020/03/28-15:30:23.961445 7fdaf1ec2700                 Options.inplace_update_num_locks: 10000
2020/03/28-15:30:23.961446 7fdaf1ec2700               Options.memtable_prefix_bloom_size_ratio: 0.000000
2020/03/28-15:30:23.961447 7fdaf1ec2700               Options.memtable_whole_key_filtering: 0
2020/03/28-15:30:23.961448 7fdaf1ec2700   Options.memtable_huge_page_size: 0
2020/03/28-15:30:23.961449 7fdaf1ec2700                           Options.bloom_locality: 0
2020/03/28-15:30:23.961450 7fdaf1ec2700                    Options.max_successive_merges: 0
2020/03/28-15:30:23.961451 7fdaf1ec2700                Options.optimize_filters_for_hits: 0
2020/03/28-15:30:23.961452 7fdaf1ec2700                Options.paranoid_file_checks: 0
2020/03/28-15:30:23.961453 7fdaf1ec2700                Options.force_consistency_checks: 0
2020/03/28-15:30:23.961458 7fdaf1ec2700                Options.report_bg_io_stats: 0
2020/03/28-15:30:23.961459 7fdaf1ec2700                               Options.ttl: 0
2020/03/28-15:30:23.961460 7fdaf1ec2700          Options.periodic_compaction_seconds: 0
2020/03/28-15:30:23.966776 7fdaf1ec2700 [lumn_family.cc:481] --------------- Options for column family []:
2020/03/28-15:30:23.966783 7fdaf1ec2700               Options.comparator: leveldb.BytewiseComparator
2020/03/28-15:30:23.966784 7fdaf1ec2700           Options.merge_operator: None
2020/03/28-15:30:23.966785 7fdaf1ec2700        Options.compaction_filter: None
2020/03/28-15:30:23.966786 7fdaf1ec2700        Options.compaction_filter_factory: None
2020/03/28-15:30:23.966787 7fdaf1ec2700         Options.memtable_factory: SkipListFactory
2020/03/28-15:30:23.966788 7fdaf1ec2700            Options.table_factory: BlockBasedTable
2020/03/28-15:30:23.966811 7fdaf1ec2700            table_factory options:   flush_block_policy_factory: FlushBlockBySizePolicyFactory (0x7fdae9143e50)
  cache_index_and_filter_blocks: 0
  cache_index_and_filter_blocks_with_high_priority: 1
  pin_l0_filter_and_index_blocks_in_cache: 0
  pin_top_level_index_and_filter: 1
  index_type: 0
  data_block_index_type: 0
  index_shortening: 1
  data_block_hash_table_util_ratio: 0.750000
  hash_index_allow_collision: 1
  checksum: 1
  no_block_cache: 0
  block_cache: 0x7fdae9144090
  block_cache_name: LRUCache
  block_cache_options:
    capacity : 8388608
    num_shard_bits : 4
    strict_capacity_limit : 0
    memory_allocator : None
    high_pri_pool_ratio: 0.000
  block_cache_compressed: (nil)
  persistent_cache: (nil)
  block_size: 4096
  block_size_deviation: 10
  block_restart_interval: 16
  index_block_restart_interval: 1
  metadata_block_size: 4096
  partition_filters: 0
  use_delta_encoding: 1
  filter_policy: nullptr
  whole_key_filtering: 1
  verify_compression: 0
  read_amp_bytes_per_bit: 0
  format_version: 2
  enable_index_compression: 1
  block_align: 0
2020/03/28-15:30:23.966812 7fdaf1ec2700        Options.write_buffer_size: 67108864
2020/03/28-15:30:23.966813 7fdaf1ec2700  Options.max_write_buffer_number: 2
2020/03/28-15:30:23.966815 7fdaf1ec2700          Options.compression: Snappy
2020/03/28-15:30:23.966816 7fdaf1ec2700                  Options.bottommost_compression: Disabled
2020/03/28-15:30:23.966817 7fdaf1ec2700       Options.prefix_extractor: nullptr
2020/03/28-15:30:23.966818 7fdaf1ec2700   Options.memtable_insert_with_hint_prefix_extractor: nullptr
2020/03/28-15:30:23.966818 7fdaf1ec2700             Options.num_levels: 7
2020/03/28-15:30:23.966819 7fdaf1ec2700        Options.min_write_buffer_number_to_merge: 1
2020/03/28-15:30:23.966820 7fdaf1ec2700     Options.max_write_buffer_number_to_maintain: 2
2020/03/28-15:30:23.966821 7fdaf1ec2700            Options.bottommost_compression_opts.window_bits: -14
2020/03/28-15:30:23.966822 7fdaf1ec2700                  Options.bottommost_compression_opts.level: 32767
2020/03/28-15:30:23.966823 7fdaf1ec2700               Options.bottommost_compression_opts.strategy: 0
2020/03/28-15:30:23.966824 7fdaf1ec2700         Options.bottommost_compression_opts.max_dict_bytes: 0
2020/03/28-15:30:23.966825 7fdaf1ec2700         Options.bottommost_compression_opts.zstd_max_train_bytes: 0
2020/03/28-15:30:23.966826 7fdaf1ec2700                  Options.bottommost_compression_opts.enabled: false
2020/03/28-15:30:23.966827 7fdaf1ec2700            Options.compression_opts.window_bits: -14
2020/03/28-15:30:23.966828 7fdaf1ec2700                  Options.compression_opts.level: 32767
2020/03/28-15:30:23.966829 7fdaf1ec2700               Options.compression_opts.strategy: 0
2020/03/28-15:30:23.966830 7fdaf1ec2700         Options.compression_opts.max_dict_bytes: 0
2020/03/28-15:30:23.966831 7fdaf1ec2700         Options.compression_opts.zstd_max_train_bytes: 0
2020/03/28-15:30:23.966832 7fdaf1ec2700                  Options.compression_opts.enabled: false
2020/03/28-15:30:23.966833 7fdaf1ec2700      Options.level0_file_num_compaction_trigger: 4
2020/03/28-15:30:23.966845 7fdaf1ec2700          Options.level0_slowdown_writes_trigger: 20
2020/03/28-15:30:23.966846 7fdaf1ec2700              Options.level0_stop_writes_trigger: 36
2020/03/28-15:30:23.966847 7fdaf1ec2700                   Options.target_file_size_base: 67108864
2020/03/28-15:30:23.966848 7fdaf1ec2700             Options.target_file_size_multiplier: 1
2020/03/28-15:30:23.966849 7fdaf1ec2700                Options.max_bytes_for_level_base: 268435456
2020/03/28-15:30:23.966850 7fdaf1ec2700                      Options.snap_refresh_nanos: 0
2020/03/28-15:30:23.966850 7fdaf1ec2700 Options.level_compaction_dynamic_level_bytes: 0
2020/03/28-15:30:23.966851 7fdaf1ec2700          Options.max_bytes_for_level_multiplier: 10.000000
2020/03/28-15:30:23.966853 7fdaf1ec2700 Options.max_bytes_for_level_multiplier_addtl[0]: 1
2020/03/28-15:30:23.966854 7fdaf1ec2700 Options.max_bytes_for_level_multiplier_addtl[1]: 1
2020/03/28-15:30:23.966855 7fdaf1ec2700 Options.max_bytes_for_level_multiplier_addtl[2]: 1
2020/03/28-15:30:23.966856 7fdaf1ec2700 Options.max_bytes_for_level_multiplier_addtl[3]: 1
2020/03/28-15:30:23.966857 7fdaf1ec2700 Options.max_bytes_for_level_multiplier_addtl[4]: 1
2020/03/28-15:30:23.966858 7fdaf1ec2700 Options.max_bytes_for_level_multiplier_addtl[5]: 1
2020/03/28-15:30:23.966859 7fdaf1ec2700 Options.max_bytes_for_level_multiplier_addtl[6]: 1
2020/03/28-15:30:23.966860 7fdaf1ec2700       Options.max_sequential_skip_in_iterations: 8
2020/03/28-15:30:23.966861 7fdaf1ec2700                    Options.max_compaction_bytes: 1677721600
2020/03/28-15:30:23.966862 7fdaf1ec2700                        Options.arena_block_size: 8388608
2020/03/28-15:30:23.966863 7fdaf1ec2700   Options.soft_pending_compaction_bytes_limit: 68719476736
2020/03/28-15:30:23.966864 7fdaf1ec2700   Options.hard_pending_compaction_bytes_limit: 274877906944
2020/03/28-15:30:23.966865 7fdaf1ec2700       Options.rate_limit_delay_max_milliseconds: 100
2020/03/28-15:30:23.966866 7fdaf1ec2700                Options.disable_auto_compactions: 1
2020/03/28-15:30:23.966867 7fdaf1ec2700                        Options.compaction_style: kCompactionStyleLevel
2020/03/28-15:30:23.966868 7fdaf1ec2700                          Options.compaction_pri: kMinOverlappingRatio
2020/03/28-15:30:23.966869 7fdaf1ec2700 Options.compaction_options_universal.size_ratio: 1
2020/03/28-15:30:23.966870 7fdaf1ec2700 Options.compaction_options_universal.min_merge_width: 2
2020/03/28-15:30:23.966871 7fdaf1ec2700 Options.compaction_options_universal.max_merge_width: 4294967295
2020/03/28-15:30:23.966872 7fdaf1ec2700 Options.compaction_options_universal.max_size_amplification_percent: 200
2020/03/28-15:30:23.966873 7fdaf1ec2700 Options.compaction_options_universal.compression_size_percent: -1
2020/03/28-15:30:23.966874 7fdaf1ec2700 Options.compaction_options_universal.stop_style: kCompactionStopStyleTotalSize
2020/03/28-15:30:23.966875 7fdaf1ec2700 Options.compaction_options_fifo.max_table_files_size: 1073741824
2020/03/28-15:30:23.966876 7fdaf1ec2700 Options.compaction_options_fifo.allow_compaction: 0
2020/03/28-15:30:23.966877 7fdaf1ec2700                   Options.table_properties_collectors: 
2020/03/28-15:30:23.966878 7fdaf1ec2700                   Options.inplace_update_support: 0
2020/03/28-15:30:23.966878 7fdaf1ec2700                 Options.inplace_update_num_locks: 10000
2020/03/28-15:30:23.966879 7fdaf1ec2700               Options.memtable_prefix_bloom_size_ratio: 0.000000
2020/03/28-15:30:23.966881 7fdaf1ec2700               Options.memtable_whole_key_filtering: 0
2020/03/28-15:30:23.966882 7fdaf1ec2700   Options.memtable_huge_page_size: 0
2020/03/28-15:30:23.966883 7fdaf1ec2700                           Options.bloom_locality: 0
2020/03/28-15:30:23.966883 7fdaf1ec2700                    Options.max_successive_merges: 0
2020/03/28-15:30:23.966884 7fdaf1ec2700                Options.optimize_filters_for_hits: 0
2020/03/28-15:30:23.966885 7fdaf1ec2700                Options.paranoid_file_checks: 0
2020/03/28-15:30:23.966886 7fdaf1ec2700                Options.force_consistency_checks: 0
2020/03/28-15:30:23.966891 7fdaf1ec2700                Options.report_bg_io_stats: 0
2020/03/28-15:30:23.966892 7fdaf1ec2700                               Options.ttl: 0
2020/03/28-15:30:23.966893 7fdaf1ec2700          Options.periodic_compaction_seconds: 0
2020/03/28-15:30:23.966929 7fdaf1ec2700 [lumn_family.cc:481] --------------- Options for column family []:
2020/03/28-15:30:23.966931 7fdaf1ec2700               Options.comparator: leveldb.BytewiseComparator
2020/03/28-15:30:23.966932 7fdaf1ec2700           Options.merge_operator: None
2020/03/28-15:30:23.966933 7fdaf1ec2700        Options.compaction_filter: None
2020/03/28-15:30:23.966934 7fdaf1ec2700        Options.compaction_filter_factory: None
2020/03/28-15:30:23.966935 7fdaf1ec2700         Options.memtable_factory: SkipListFactory
2020/03/28-15:30:23.966936 7fdaf1ec2700            Options.table_factory: BlockBasedTable
2020/03/28-15:30:23.966955 7fdaf1ec2700            table_factory options:   flush_block_policy_factory: FlushBlockBySizePolicyFactory (0x7fdae9142e20)
  cache_index_and_filter_blocks: 0
  cache_index_and_filter_blocks_with_high_priority: 1
  pin_l0_filter_and_index_blocks_in_cache: 0
  pin_top_level_index_and_filter: 1
  index_type: 0
  data_block_index_type: 0
  index_shortening: 1
  data_block_hash_table_util_ratio: 0.750000
  hash_index_allow_collision: 1
  checksum: 1
  no_block_cache: 0
  block_cache: 0x7fdae9142e60
  block_cache_name: LRUCache
  block_cache_options:
    capacity : 8388608
    num_shard_bits : 4
    strict_capacity_limit : 0
    memory_allocator : None
    high_pri_pool_ratio: 0.000
  block_cache_compressed: (nil)
  persistent_cache: (nil)
  block_size: 4096
  block_size_deviation: 10
  block_restart_interval: 16
  index_block_restart_interval: 1
  metadata_block_size: 4096
  partition_filters: 0
  use_delta_encoding: 1
  filter_policy: nullptr
  whole_key_filtering: 1
  verify_compression: 0
  read_amp_bytes_per_bit: 0
  format_version: 2
  enable_index_compression: 1
  block_align: 0
2020/03/28-15:30:23.966957 7fdaf1ec2700        Options.write_buffer_size: 67108864
2020/03/28-15:30:23.966958 7fdaf1ec2700  Options.max_write_buffer_number: 2
2020/03/28-15:30:23.966959 7fdaf1ec2700          Options.compression: Snappy
2020/03/28-15:30:23.966960 7fdaf1ec2700                  Options.bottommost_compression: Disabled
2020/03/28-15:30:23.966961 7fdaf1ec2700       Options.prefix_extractor: nullptr
2020/03/28-15:30:23.966962 7fdaf1ec2700   Options.memtable_insert_with_hint_prefix_extractor: nullptr
2020/03/28-15:30:23.966963 7fdaf1ec2700             Options.num_levels: 7
2020/03/28-15:30:23.966963 7fdaf1ec2700        Options.min_write_buffer_number_to_merge: 1
2020/03/28-15:30:23.966964 7fdaf1ec2700     Options.max_write_buffer_number_to_maintain: 2
2020/03/28-15:30:23.966965 7fdaf1ec2700            Options.bottommost_compression_opts.window_bits: -14
2020/03/28-15:30:23.966966 7fdaf1ec2700                  Options.bottommost_compression_opts.level: 32767
2020/03/28-15:30:23.966967 7fdaf1ec2700               Options.bottommost_compression_opts.strategy: 0
2020/03/28-15:30:23.966968 7fdaf1ec2700         Options.bottommost_compression_opts.max_dict_bytes: 0
2020/03/28-15:30:23.966969 7fdaf1ec2700         Options.bottommost_compression_opts.zstd_max_train_bytes: 0
2020/03/28-15:30:23.966970 7fdaf1ec2700                  Options.bottommost_compression_opts.enabled: false
2020/03/28-15:30:23.966971 7fdaf1ec2700            Options.compression_opts.window_bits: -14
2020/03/28-15:30:23.966972 7fdaf1ec2700                  Options.compression_opts.level: 32767
2020/03/28-15:30:23.966973 7fdaf1ec2700               Options.compression_opts.strategy: 0
2020/03/28-15:30:23.966974 7fdaf1ec2700         Options.compression_opts.max_dict_bytes: 0
2020/03/28-15:30:23.966975 7fdaf1ec2700         Options.compression_opts.zstd_max_train_bytes: 0
2020/03/28-15:30:23.966976 7fdaf1ec2700                  Options.compression_opts.enabled: false
2020/03/28-15:30:23.966976 7fdaf1ec2700      Options.level0_file_num_compaction_trigger: 4
2020/03/28-15:30:23.966983 7fdaf1ec2700          Options.level0_slowdown_writes_trigger: 20
2020/03/28-15:30:23.966984 7fdaf1ec2700              Options.level0_stop_writes_trigger: 36
2020/03/28-15:30:23.966985 7fdaf1ec2700                   Options.target_file_size_base: 67108864
2020/03/28-15:30:23.966986 7fdaf1ec2700             Options.target_file_size_multiplier: 1
2020/03/28-15:30:23.966987 7fdaf1ec2700                Options.max_bytes_for_level_base: 268435456
2020/03/28-15:30:23.966988 7fdaf1ec2700                      Options.snap_refresh_nanos: 0
2020/03/28-15:30:23.966989 7fdaf1ec2700 Options.level_compaction_dynamic_level_bytes: 0
2020/03/28-15:30:23.966990 7fdaf1ec2700          Options.max_bytes_for_level_multiplier: 10.000000
2020/03/28-15:30:23.966991 7fdaf1ec2700 Options.max_bytes_for_level_multiplier_addtl[0]: 1
2020/03/28-15:30:23.966992 7fdaf1ec2700 Options.max_bytes_for_level_multiplier_addtl[1]: 1
2020/03/28-15:30:23.966993 7fdaf1ec2700 Options.max_bytes_for_level_multiplier_addtl[2]: 1
2020/03/28-15:30:23.966994 7fdaf1ec2700 Options.max_bytes_for_level_multiplier_addtl[3]: 1
2020/03/28-15:30:23.966995 7fdaf1ec2700 Options.max_bytes_for_level_multiplier_addtl[4]: 1
2020/03/28-15:30:23.966996 7fdaf1ec2700 Options.max_bytes_for_level_multiplier_addtl[5]: 1
2020/03/28-15:30:23.966997 7fdaf1ec2700 Options.max_bytes_for_level_multiplier_addtl[6]: 1
2020/03/28-15:30:23.966998 7fdaf1ec2700       Options.max_sequential_skip_in_iterations: 8
2020/03/28-15:30:23.966999 7fdaf1ec2700                    Options.max_compaction_bytes: 1677721600
2020/03/28-15:30:23.967000 7fdaf1ec2700                        Options.arena_block_size: 8388608
2020/03/28-15:30:23.967001 7fdaf1ec2700   Options.soft_pending_compaction_bytes_limit: 68719476736
2020/03/28-15:30:23.967002 7fdaf1ec2700   Options.hard_pending_compaction_bytes_limit: 274877906944
2020/03/28-15:30:23.967003 7fdaf1ec2700       Options.rate_limit_delay_max_milliseconds: 100
2020/03/28-15:30:23.967003 7fdaf1ec2700                Options.disable_auto_compactions: 1
2020/03/28-15:30:23.967004 7fdaf1ec2700                        Options.compaction_style: kCompactionStyleLevel
2020/03/28-15:30:23.967005 7fdaf1ec2700                          Options.compaction_pri: kMinOverlappingRatio
2020/03/28-15:30:23.967006 7fdaf1ec2700 Options.compaction_options_universal.size_ratio: 1
2020/03/28-15:30:23.967007 7fdaf1ec2700 Options.compaction_options_universal.min_merge_width: 2
2020/03/28-15:30:23.967008 7fdaf1ec2700 Options.compaction_options_universal.max_merge_width: 4294967295
2020/03/28-15:30:23.967009 7fdaf1ec2700 Options.compaction_options_universal.max_size_amplification_percent: 200
2020/03/28-15:30:23.967010 7fdaf1ec2700 Options.compaction_options_universal.compression_size_percent: -1
2020/03/28-15:30:23.967011 7fdaf1ec2700 Options.compaction_options_universal.stop_style: kCompactionStopStyleTotalSize
2020/03/28-15:30:23.967012 7fdaf1ec2700 Options.compaction_options_fifo.max_table_files_size: 1073741824
2020/03/28-15:30:23.967013 7fdaf1ec2700 Options.compaction_options_fifo.allow_compaction: 0
2020/03/28-15:30:23.967014 7fdaf1ec2700                   Options.table_properties_collectors: 
2020/03/28-15:30:23.967015 7fdaf1ec2700                   Options.inplace_update_support: 0
2020/03/28-15:30:23.967016 7fdaf1ec2700                 Options.inplace_update_num_locks: 10000
2020/03/28-15:30:23.967017 7fdaf1ec2700               Options.memtable_prefix_bloom_size_ratio: 0.000000
2020/03/28-15:30:23.967018 7fdaf1ec2700               Options.memtable_whole_key_filtering: 0
2020/03/28-15:30:23.967019 7fdaf1ec2700   Options.memtable_huge_page_size: 0
2020/03/28-15:30:23.967020 7fdaf1ec2700                           Options.bloom_locality: 0
2020/03/28-15:30:23.967020 7fdaf1ec2700                    Options.max_successive_merges: 0
2020/03/28-15:30:23.967021 7fdaf1ec2700                Options.optimize_filters_for_hits: 0
2020/03/28-15:30:23.967022 7fdaf1ec2700                Options.paranoid_file_checks: 0
2020/03/28-15:30:23.967023 7fdaf1ec2700                Options.force_consistency_checks: 0
2020/03/28-15:30:23.967028 7fdaf1ec2700                Options.report_bg_io_stats: 0
2020/03/28-15:30:23.967029 7fdaf1ec2700                               Options.ttl: 0
2020/03/28-15:30:23.967030 7fdaf1ec2700          Options.periodic_compaction_seconds: 0
2020/03/28-15:30:23.967053 7fdaf1ec2700 [lumn_family.cc:481] --------------- Options for column family []:
2020/03/28-15:30:23.967054 7fdaf1ec2700               Options.comparator: leveldb.BytewiseComparator
2020/03/28-15:30:23.967055 7fdaf1ec2700           Options.merge_operator: None
2020/03/28-15:30:23.967056 7fdaf1ec2700        Options.compaction_filter: None
2020/03/28-15:30:23.967057 7fdaf1ec2700        Options.compaction_filter_factory: None
2020/03/28-15:30:23.967058 7fdaf1ec2700         Options.memtable_factory: SkipListFactory
2020/03/28-15:30:23.967059 7fdaf1ec2700            Options.table_factory: BlockBasedTable
2020/03/28-15:30:23.967077 7fdaf1ec2700            table_factory options:   flush_block_policy_factory: FlushBlockBySizePolicyFactory (0x7fdae9139e10)
  cache_index_and_filter_blocks: 0
  cache_index_and_filter_blocks_with_high_priority: 1
  pin_l0_filter_and_index_blocks_in_cache: 0
  pin_top_level_index_and_filter: 1
  index_type: 0
  data_block_index_type: 0
  index_shortening: 1
  data_block_hash_table_util_ratio: 0.750000
  hash_index_allow_collision: 1
  checksum: 1
  no_block_cache: 0
  block_cache: 0x7fdae9139e50
  block_cache_name: LRUCache
  block_cache_options:
    capacity : 8388608
    num_shard_bits : 4
    strict_capacity_limit : 0
    memory_allocator : None
    high_pri_pool_ratio: 0.000
  block_cache_compressed: (nil)
  persistent_cache: (nil)
  block_size: 4096
  block_size_deviation: 10
  block_restart_interval: 16
  index_block_restart_interval: 1
  metadata_block_size: 4096
  partition_filters: 0
  use_delta_encoding: 1
  filter_policy: nullptr
  whole_key_filtering: 1
  verify_compression: 0
  read_amp_bytes_per_bit: 0
  format_version: 2
  enable_index_compression: 1
  block_align: 0
2020/03/28-15:30:23.967078 7fdaf1ec2700        Options.write_buffer_size: 67108864
2020/03/28-15:30:23.967079 7fdaf1ec2700  Options.max_write_buffer_number: 2
2020/03/28-15:30:23.967080 7fdaf1ec2700          Options.compression: Snappy
2020/03/28-15:30:23.967081 7fdaf1ec2700                  Options.bottommost_compression: Disabled
2020/03/28-15:30:23.967082 7fdaf1ec2700       Options.prefix_extractor: nullptr
2020/03/28-15:30:23.967083 7fdaf1ec2700   Options.memtable_insert_with_hint_prefix_extractor: nullptr
2020/03/28-15:30:23.967084 7fdaf1ec2700             Options.num_levels: 7
2020/03/28-15:30:23.967085 7fdaf1ec2700        Options.min_write_buffer_number_to_merge: 1
2020/03/28-15:30:23.967086 7fdaf1ec2700     Options.max_write_buffer_number_to_maintain: 2
2020/03/28-15:30:23.967087 7fdaf1ec2700            Options.bottommost_compression_opts.window_bits: -14
2020/03/28-15:30:23.967088 7fdaf1ec2700                  Options.bottommost_compression_opts.level: 32767
2020/03/28-15:30:23.967089 7fdaf1ec2700               Options.bottommost_compression_opts.strategy: 0
2020/03/28-15:30:23.967089 7fdaf1ec2700         Options.bottommost_compression_opts.max_dict_bytes: 0
2020/03/28-15:30:23.967090 7fdaf1ec2700         Options.bottommost_compression_opts.zstd_max_train_bytes: 0
2020/03/28-15:30:23.967091 7fdaf1ec2700                  Options.bottommost_compression_opts.enabled: false
2020/03/28-15:30:23.967092 7fdaf1ec2700            Options.compression_opts.window_bits: -14
2020/03/28-15:30:23.967093 7fdaf1ec2700                  Options.compression_opts.level: 32767
2020/03/28-15:30:23.967094 7fdaf1ec2700               Options.compression_opts.strategy: 0
2020/03/28-15:30:23.967095 7fdaf1ec2700         Options.compression_opts.max_dict_bytes: 0
2020/03/28-15:30:23.967096 7fdaf1ec2700         Options.compression_opts.zstd_max_train_bytes: 0
2020/03/28-15:30:23.967097 7fdaf1ec2700                  Options.compression_opts.enabled: false
2020/03/28-15:30:23.967098 7fdaf1ec2700      Options.level0_file_num_compaction_trigger: 4
2020/03/28-15:30:23.967104 7fdaf1ec2700          Options.level0_slowdown_writes_trigger: 20
2020/03/28-15:30:23.967105 7fdaf1ec2700              Options.level0_stop_writes_trigger: 36
2020/03/28-15:30:23.967106 7fdaf1ec2700                   Options.target_file_size_base: 67108864
2020/03/28-15:30:23.967107 7fdaf1ec2700             Options.target_file_size_multiplier: 1
2020/03/28-15:30:23.967108 7fdaf1ec2700                Options.max_bytes_for_level_base: 268435456
2020/03/28-15:30:23.967109 7fdaf1ec2700                      Options.snap_refresh_nanos: 0
2020/03/28-15:30:23.967110 7fdaf1ec2700 Options.level_compaction_dynamic_level_bytes: 0
2020/03/28-15:30:23.967110 7fdaf1ec2700          Options.max_bytes_for_level_multiplier: 10.000000
2020/03/28-15:30:23.967112 7fdaf1ec2700 Options.max_bytes_for_level_multiplier_addtl[0]: 1
2020/03/28-15:30:23.967113 7fdaf1ec2700 Options.max_bytes_for_level_multiplier_addtl[1]: 1
2020/03/28-15:30:23.967114 7fdaf1ec2700 Options.max_bytes_for_level_multiplier_addtl[2]: 1
2020/03/28-15:30:23.967115 7fdaf1ec2700 Options.max_bytes_for_level_multiplier_addtl[3]: 1
2020/03/28-15:30:23.967116 7fdaf1ec2700 Options.max_bytes_for_level_multiplier_addtl[4]: 1
2020/03/28-15:30:23.967117 7fdaf1ec2700 Options.max_bytes_for_level_multiplier_addtl[5]: 1
2020/03/28-15:30:23.967117 7fdaf1ec2700 Options.max_bytes_for_level_multiplier_addtl[6]: 1
2020/03/28-15:30:23.967118 7fdaf1ec2700       Options.max_sequential_skip_in_iterations: 8
2020/03/28-15:30:23.967119 7fdaf1ec2700                    Options.max_compaction_bytes: 1677721600
2020/03/28-15:30:23.967120 7fdaf1ec2700                        Options.arena_block_size: 8388608
2020/03/28-15:30:23.967121 7fdaf1ec2700   Options.soft_pending_compaction_bytes_limit: 68719476736
2020/03/28-15:30:23.967122 7fdaf1ec2700   Options.hard_pending_compaction_bytes_limit: 274877906944
2020/03/28-15:30:23.967123 7fdaf1ec2700       Options.rate_limit_delay_max_milliseconds: 100
2020/03/28-15:30:23.967124 7fdaf1ec2700                Options.disable_auto_compactions: 1
2020/03/28-15:30:23.967125 7fdaf1ec2700                        Options.compaction_style: kCompactionStyleLevel
2020/03/28-15:30:23.967126 7fdaf1ec2700                          Options.compaction_pri: kMinOverlappingRatio
2020/03/28-15:30:23.967127 7fdaf1ec2700 Options.compaction_options_universal.size_ratio: 1
2020/03/28-15:30:23.967128 7fdaf1ec2700 Options.compaction_options_universal.min_merge_width: 2
2020/03/28-15:30:23.967129 7fdaf1ec2700 Options.compaction_options_universal.max_merge_width: 4294967295
2020/03/28-15:30:23.967130 7fdaf1ec2700 Options.compaction_options_universal.max_size_amplification_percent: 200
2020/03/28-15:30:23.967131 7fdaf1ec2700 Options.compaction_options_universal.compression_size_percent: -1
2020/03/28-15:30:23.967132 7fdaf1ec2700 Options.compaction_options_universal.stop_style: kCompactionStopStyleTotalSize
2020/03/28-15:30:23.967133 7fdaf1ec2700 Options.compaction_options_fifo.max_table_files_size: 1073741824
