2020/03/28-15:04:50.041970 7f97a9fba700 RocksDB version: 6.4.6
2020/03/28-15:04:50.042008 7f97a9fba700 Git sha rocksdb_build_git_sha:
2020/03/28-15:04:50.042010 7f97a9fba700 Compile date Nov 24 2019
2020/03/28-15:04:50.042016 7f97a9fba700 DB SUMMARY
2020/03/28-15:04:50.042053 7f97a9fba700 CURRENT file:  CURRENT
2020/03/28-15:04:50.042055 7f97a9fba700 IDENTITY file:  IDENTITY
2020/03/28-15:04:50.042058 7f97a9fba700 MANIFEST file:  MANIFEST-000045 size: 767 Bytes
2020/03/28-15:04:50.042059 7f97a9fba700 SST files in /home/yehia/Documents/Projects/Hyperledger Besu/besu-network-ibft2-master/ibft-besu/node-1/data/database dir, Total Num: 3, files: 000029.sst 000030.sst 000046.sst 
2020/03/28-15:04:50.042060 7f97a9fba700 Write Ahead Log file in /home/yehia/Documents/Projects/Hyperledger Besu/besu-network-ibft2-master/ibft-besu/node-1/data/database: 000003.log size: 664868 ; 000031.log size: 629 ; 000047.log size: 25835 ; 
2020/03/28-15:04:50.042063 7f97a9fba700                         Options.error_if_exists: 0
2020/03/28-15:04:50.042064 7f97a9fba700                       Options.create_if_missing: 1
2020/03/28-15:04:50.042064 7f97a9fba700                         Options.paranoid_checks: 1
2020/03/28-15:04:50.042065 7f97a9fba700                                     Options.env: 0x7f9739c42b60
2020/03/28-15:04:50.042066 7f97a9fba700                                Options.info_log: 0x7f97a143a1c0
2020/03/28-15:04:50.042067 7f97a9fba700                Options.max_file_opening_threads: 16
2020/03/28-15:04:50.042067 7f97a9fba700                              Options.statistics: 0x7f97a13d5910
2020/03/28-15:04:50.042068 7f97a9fba700                               Options.use_fsync: 0
2020/03/28-15:04:50.042069 7f97a9fba700                       Options.max_log_file_size: 0
2020/03/28-15:04:50.042070 7f97a9fba700                  Options.max_manifest_file_size: 1073741824
2020/03/28-15:04:50.042071 7f97a9fba700                   Options.log_file_time_to_roll: 0
2020/03/28-15:04:50.042071 7f97a9fba700                       Options.keep_log_file_num: 1000
2020/03/28-15:04:50.042072 7f97a9fba700                    Options.recycle_log_file_num: 0
2020/03/28-15:04:50.042073 7f97a9fba700                         Options.allow_fallocate: 1
2020/03/28-15:04:50.042074 7f97a9fba700                        Options.allow_mmap_reads: 0
2020/03/28-15:04:50.042074 7f97a9fba700                       Options.allow_mmap_writes: 0
2020/03/28-15:04:50.042075 7f97a9fba700                        Options.use_direct_reads: 0
2020/03/28-15:04:50.042076 7f97a9fba700                        Options.use_direct_io_for_flush_and_compaction: 0
2020/03/28-15:04:50.042076 7f97a9fba700          Options.create_missing_column_families: 1
2020/03/28-15:04:50.042077 7f97a9fba700                              Options.db_log_dir: 
2020/03/28-15:04:50.042078 7f97a9fba700                                 Options.wal_dir: /home/yehia/Documents/Projects/Hyperledger Besu/besu-network-ibft2-master/ibft-besu/node-1/data/database
2020/03/28-15:04:50.042079 7f97a9fba700                Options.table_cache_numshardbits: 6
2020/03/28-15:04:50.042079 7f97a9fba700                      Options.max_subcompactions: 1
2020/03/28-15:04:50.042080 7f97a9fba700                  Options.max_background_flushes: -1
2020/03/28-15:04:50.042081 7f97a9fba700                         Options.WAL_ttl_seconds: 0
2020/03/28-15:04:50.042082 7f97a9fba700                       Options.WAL_size_limit_MB: 0
2020/03/28-15:04:50.042082 7f97a9fba700             Options.manifest_preallocation_size: 4194304
2020/03/28-15:04:50.042083 7f97a9fba700                     Options.is_fd_close_on_exec: 1
2020/03/28-15:04:50.042084 7f97a9fba700                   Options.advise_random_on_open: 1
2020/03/28-15:04:50.042085 7f97a9fba700                    Options.db_write_buffer_size: 0
2020/03/28-15:04:50.042085 7f97a9fba700                    Options.write_buffer_manager: 0x7f97a143b250
2020/03/28-15:04:50.042086 7f97a9fba700         Options.access_hint_on_compaction_start: 1
2020/03/28-15:04:50.042087 7f97a9fba700  Options.new_table_reader_for_compaction_inputs: 0
2020/03/28-15:04:50.042088 7f97a9fba700           Options.random_access_max_buffer_size: 1048576
2020/03/28-15:04:50.042095 7f97a9fba700                      Options.use_adaptive_mutex: 0
2020/03/28-15:04:50.042095 7f97a9fba700                            Options.rate_limiter: (nil)
2020/03/28-15:04:50.042097 7f97a9fba700     Options.sst_file_manager.rate_bytes_per_sec: 0
2020/03/28-15:04:50.042098 7f97a9fba700                       Options.wal_recovery_mode: 2
2020/03/28-15:04:50.042099 7f97a9fba700                  Options.enable_thread_tracking: 0
2020/03/28-15:04:50.042100 7f97a9fba700                  Options.enable_pipelined_write: 0
2020/03/28-15:04:50.042101 7f97a9fba700                  Options.unordered_write: 0
2020/03/28-15:04:50.042101 7f97a9fba700         Options.allow_concurrent_memtable_write: 1
2020/03/28-15:04:50.042102 7f97a9fba700      Options.enable_write_thread_adaptive_yield: 1
2020/03/28-15:04:50.042103 7f97a9fba700             Options.write_thread_max_yield_usec: 100
2020/03/28-15:04:50.042103 7f97a9fba700            Options.write_thread_slow_yield_usec: 3
2020/03/28-15:04:50.042104 7f97a9fba700                               Options.row_cache: None
2020/03/28-15:04:50.042105 7f97a9fba700                              Options.wal_filter: None
2020/03/28-15:04:50.042106 7f97a9fba700             Options.avoid_flush_during_recovery: 0
2020/03/28-15:04:50.042107 7f97a9fba700             Options.allow_ingest_behind: 0
2020/03/28-15:04:50.042107 7f97a9fba700             Options.preserve_deletes: 0
2020/03/28-15:04:50.042108 7f97a9fba700             Options.two_write_queues: 0
2020/03/28-15:04:50.042109 7f97a9fba700             Options.manual_wal_flush: 0
2020/03/28-15:04:50.042109 7f97a9fba700             Options.atomic_flush: 0
2020/03/28-15:04:50.042110 7f97a9fba700             Options.avoid_unnecessary_blocking_io: 0
2020/03/28-15:04:50.042111 7f97a9fba700                 Options.persist_stats_to_disk: 0
2020/03/28-15:04:50.042112 7f97a9fba700                 Options.log_readahead_size: 0
2020/03/28-15:04:50.042113 7f97a9fba700             Options.max_background_jobs: 2
2020/03/28-15:04:50.042114 7f97a9fba700             Options.max_background_compactions: 4
2020/03/28-15:04:50.042115 7f97a9fba700             Options.avoid_flush_during_shutdown: 0
2020/03/28-15:04:50.042115 7f97a9fba700           Options.writable_file_max_buffer_size: 1048576
2020/03/28-15:04:50.042116 7f97a9fba700             Options.delayed_write_rate : 16777216
2020/03/28-15:04:50.042117 7f97a9fba700             Options.max_total_wal_size: 0
2020/03/28-15:04:50.042118 7f97a9fba700             Options.delete_obsolete_files_period_micros: 21600000000
2020/03/28-15:04:50.042118 7f97a9fba700                   Options.stats_dump_period_sec: 600
2020/03/28-15:04:50.042119 7f97a9fba700                 Options.stats_persist_period_sec: 600
2020/03/28-15:04:50.042120 7f97a9fba700                 Options.stats_history_buffer_size: 1048576
2020/03/28-15:04:50.042121 7f97a9fba700                          Options.max_open_files: 1024
2020/03/28-15:04:50.042121 7f97a9fba700                          Options.bytes_per_sync: 0
2020/03/28-15:04:50.042122 7f97a9fba700                      Options.wal_bytes_per_sync: 0
2020/03/28-15:04:50.042123 7f97a9fba700                   Options.strict_bytes_per_sync: 0
2020/03/28-15:04:50.042124 7f97a9fba700       Options.compaction_readahead_size: 0
2020/03/28-15:04:50.042124 7f97a9fba700 Compression algorithms supported:
2020/03/28-15:04:50.042125 7f97a9fba700 	kZSTDNotFinalCompression supported: 1
2020/03/28-15:04:50.042131 7f97a9fba700 	kZSTD supported: 1
2020/03/28-15:04:50.042132 7f97a9fba700 	kXpressCompression supported: 0
2020/03/28-15:04:50.042133 7f97a9fba700 	kLZ4HCCompression supported: 1
2020/03/28-15:04:50.042134 7f97a9fba700 	kLZ4Compression supported: 1
2020/03/28-15:04:50.042134 7f97a9fba700 	kBZip2Compression supported: 1
2020/03/28-15:04:50.042135 7f97a9fba700 	kZlibCompression supported: 1
2020/03/28-15:04:50.042136 7f97a9fba700 	kSnappyCompression supported: 1
2020/03/28-15:04:50.042139 7f97a9fba700 Fast CRC32 supported: Not supported on x86
2020/03/28-15:04:50.042312 7f97a9fba700 [rsion_set.cc:4252] Recovering from manifest file: /home/yehia/Documents/Projects/Hyperledger Besu/besu-network-ibft2-master/ibft-besu/node-1/data/database/MANIFEST-000045
2020/03/28-15:04:50.042377 7f97a9fba700 [lumn_family.cc:481] --------------- Options for column family [default]:
2020/03/28-15:04:50.042380 7f97a9fba700               Options.comparator: leveldb.BytewiseComparator
2020/03/28-15:04:50.042381 7f97a9fba700           Options.merge_operator: None
2020/03/28-15:04:50.042381 7f97a9fba700        Options.compaction_filter: None
2020/03/28-15:04:50.042382 7f97a9fba700        Options.compaction_filter_factory: None
2020/03/28-15:04:50.042383 7f97a9fba700         Options.memtable_factory: SkipListFactory
2020/03/28-15:04:50.042384 7f97a9fba700            Options.table_factory: BlockBasedTable
2020/03/28-15:04:50.042406 7f97a9fba700            table_factory options:   flush_block_policy_factory: FlushBlockBySizePolicyFactory (0x7f97a13d7d60)
  cache_index_and_filter_blocks: 0
  cache_index_and_filter_blocks_with_high_priority: 0
  pin_l0_filter_and_index_blocks_in_cache: 0
  pin_top_level_index_and_filter: 1
  index_type: 0
  data_block_index_type: 0
  index_shortening: 1
  data_block_hash_table_util_ratio: 0.750000
  hash_index_allow_collision: 1
  checksum: 1
  no_block_cache: 0
  block_cache: 0x7f97a13d5f90
  block_cache_name: LRUCache
  block_cache_options:
    capacity : 8388608
    num_shard_bits : 4
    strict_capacity_limit : 0
    memory_allocator : None
    high_pri_pool_ratio: 0.000
  block_cache_compressed: (nil)
  persistent_cache: (nil)
  block_size: 4096
  block_size_deviation: 10
  block_restart_interval: 16
  index_block_restart_interval: 1
  metadata_block_size: 4096
  partition_filters: 0
  use_delta_encoding: 1
  filter_policy: nullptr
  whole_key_filtering: 1
  verify_compression: 1
  read_amp_bytes_per_bit: 0
  format_version: 2
  enable_index_compression: 1
  block_align: 0
2020/03/28-15:04:50.042407 7f97a9fba700        Options.write_buffer_size: 67108864
2020/03/28-15:04:50.042408 7f97a9fba700  Options.max_write_buffer_number: 2
2020/03/28-15:04:50.042409 7f97a9fba700          Options.compression: Snappy
2020/03/28-15:04:50.042409 7f97a9fba700                  Options.bottommost_compression: Disabled
2020/03/28-15:04:50.042410 7f97a9fba700       Options.prefix_extractor: nullptr
2020/03/28-15:04:50.042411 7f97a9fba700   Options.memtable_insert_with_hint_prefix_extractor: nullptr
2020/03/28-15:04:50.042412 7f97a9fba700             Options.num_levels: 7
2020/03/28-15:04:50.042412 7f97a9fba700        Options.min_write_buffer_number_to_merge: 1
2020/03/28-15:04:50.042413 7f97a9fba700     Options.max_write_buffer_number_to_maintain: 2
2020/03/28-15:04:50.042414 7f97a9fba700            Options.bottommost_compression_opts.window_bits: -14
2020/03/28-15:04:50.042415 7f97a9fba700                  Options.bottommost_compression_opts.level: 32767
2020/03/28-15:04:50.042415 7f97a9fba700               Options.bottommost_compression_opts.strategy: 0
2020/03/28-15:04:50.042416 7f97a9fba700         Options.bottommost_compression_opts.max_dict_bytes: 0
2020/03/28-15:04:50.042417 7f97a9fba700         Options.bottommost_compression_opts.zstd_max_train_bytes: 0
2020/03/28-15:04:50.042418 7f97a9fba700                  Options.bottommost_compression_opts.enabled: false
2020/03/28-15:04:50.042418 7f97a9fba700            Options.compression_opts.window_bits: -14
2020/03/28-15:04:50.042419 7f97a9fba700                  Options.compression_opts.level: 32767
2020/03/28-15:04:50.042420 7f97a9fba700               Options.compression_opts.strategy: 0
2020/03/28-15:04:50.042421 7f97a9fba700         Options.compression_opts.max_dict_bytes: 0
2020/03/28-15:04:50.042421 7f97a9fba700         Options.compression_opts.zstd_max_train_bytes: 0
2020/03/28-15:04:50.042422 7f97a9fba700                  Options.compression_opts.enabled: false
2020/03/28-15:04:50.042423 7f97a9fba700      Options.level0_file_num_compaction_trigger: 4
2020/03/28-15:04:50.042424 7f97a9fba700          Options.level0_slowdown_writes_trigger: 20
2020/03/28-15:04:50.042430 7f97a9fba700              Options.level0_stop_writes_trigger: 36
2020/03/28-15:04:50.042431 7f97a9fba700                   Options.target_file_size_base: 67108864
2020/03/28-15:04:50.042432 7f97a9fba700             Options.target_file_size_multiplier: 1
2020/03/28-15:04:50.042432 7f97a9fba700                Options.max_bytes_for_level_base: 268435456
2020/03/28-15:04:50.042433 7f97a9fba700                      Options.snap_refresh_nanos: 0
2020/03/28-15:04:50.042434 7f97a9fba700 Options.level_compaction_dynamic_level_bytes: 0
2020/03/28-15:04:50.042435 7f97a9fba700          Options.max_bytes_for_level_multiplier: 10.000000
2020/03/28-15:04:50.042436 7f97a9fba700 Options.max_bytes_for_level_multiplier_addtl[0]: 1
2020/03/28-15:04:50.042437 7f97a9fba700 Options.max_bytes_for_level_multiplier_addtl[1]: 1
2020/03/28-15:04:50.042438 7f97a9fba700 Options.max_bytes_for_level_multiplier_addtl[2]: 1
2020/03/28-15:04:50.042439 7f97a9fba700 Options.max_bytes_for_level_multiplier_addtl[3]: 1
2020/03/28-15:04:50.042440 7f97a9fba700 Options.max_bytes_for_level_multiplier_addtl[4]: 1
2020/03/28-15:04:50.042440 7f97a9fba700 Options.max_bytes_for_level_multiplier_addtl[5]: 1
2020/03/28-15:04:50.042441 7f97a9fba700 Options.max_bytes_for_level_multiplier_addtl[6]: 1
2020/03/28-15:04:50.042442 7f97a9fba700       Options.max_sequential_skip_in_iterations: 8
2020/03/28-15:04:50.042443 7f97a9fba700                    Options.max_compaction_bytes: 1677721600
2020/03/28-15:04:50.042443 7f97a9fba700                        Options.arena_block_size: 8388608
2020/03/28-15:04:50.042444 7f97a9fba700   Options.soft_pending_compaction_bytes_limit: 68719476736
2020/03/28-15:04:50.042445 7f97a9fba700   Options.hard_pending_compaction_bytes_limit: 274877906944
2020/03/28-15:04:50.042446 7f97a9fba700       Options.rate_limit_delay_max_milliseconds: 100
2020/03/28-15:04:50.042446 7f97a9fba700                Options.disable_auto_compactions: 1
2020/03/28-15:04:50.042448 7f97a9fba700                        Options.compaction_style: kCompactionStyleLevel
2020/03/28-15:04:50.042448 7f97a9fba700                          Options.compaction_pri: kMinOverlappingRatio
2020/03/28-15:04:50.042449 7f97a9fba700 Options.compaction_options_universal.size_ratio: 1
2020/03/28-15:04:50.042450 7f97a9fba700 Options.compaction_options_universal.min_merge_width: 2
2020/03/28-15:04:50.042451 7f97a9fba700 Options.compaction_options_universal.max_merge_width: 4294967295
2020/03/28-15:04:50.042451 7f97a9fba700 Options.compaction_options_universal.max_size_amplification_percent: 200
2020/03/28-15:04:50.042452 7f97a9fba700 Options.compaction_options_universal.compression_size_percent: -1
2020/03/28-15:04:50.042453 7f97a9fba700 Options.compaction_options_universal.stop_style: kCompactionStopStyleTotalSize
2020/03/28-15:04:50.042454 7f97a9fba700 Options.compaction_options_fifo.max_table_files_size: 1073741824
2020/03/28-15:04:50.042455 7f97a9fba700 Options.compaction_options_fifo.allow_compaction: 0
2020/03/28-15:04:50.042455 7f97a9fba700                   Options.table_properties_collectors: 
2020/03/28-15:04:50.042456 7f97a9fba700                   Options.inplace_update_support: 0
2020/03/28-15:04:50.042457 7f97a9fba700                 Options.inplace_update_num_locks: 10000
2020/03/28-15:04:50.042458 7f97a9fba700               Options.memtable_prefix_bloom_size_ratio: 0.000000
2020/03/28-15:04:50.042459 7f97a9fba700               Options.memtable_whole_key_filtering: 0
2020/03/28-15:04:50.042459 7f97a9fba700   Options.memtable_huge_page_size: 0
2020/03/28-15:04:50.042460 7f97a9fba700                           Options.bloom_locality: 0
2020/03/28-15:04:50.042461 7f97a9fba700                    Options.max_successive_merges: 0
2020/03/28-15:04:50.042462 7f97a9fba700                Options.optimize_filters_for_hits: 0
2020/03/28-15:04:50.042462 7f97a9fba700                Options.paranoid_file_checks: 0
2020/03/28-15:04:50.042463 7f97a9fba700                Options.force_consistency_checks: 0
2020/03/28-15:04:50.042464 7f97a9fba700                Options.report_bg_io_stats: 0
2020/03/28-15:04:50.042468 7f97a9fba700                               Options.ttl: 0
2020/03/28-15:04:50.042469 7f97a9fba700          Options.periodic_compaction_seconds: 0
2020/03/28-15:04:50.042527 7f97a9fba700 [lumn_family.cc:481] --------------- Options for column family []:
2020/03/28-15:04:50.042529 7f97a9fba700               Options.comparator: leveldb.BytewiseComparator
2020/03/28-15:04:50.042530 7f97a9fba700           Options.merge_operator: None
2020/03/28-15:04:50.042531 7f97a9fba700        Options.compaction_filter: None
2020/03/28-15:04:50.042531 7f97a9fba700        Options.compaction_filter_factory: None
2020/03/28-15:04:50.042532 7f97a9fba700         Options.memtable_factory: SkipListFactory
2020/03/28-15:04:50.042533 7f97a9fba700            Options.table_factory: BlockBasedTable
2020/03/28-15:04:50.042549 7f97a9fba700            table_factory options:   flush_block_policy_factory: FlushBlockBySizePolicyFactory (0x7f97a13d1410)
  cache_index_and_filter_blocks: 0
  cache_index_and_filter_blocks_with_high_priority: 1
  pin_l0_filter_and_index_blocks_in_cache: 0
  pin_top_level_index_and_filter: 1
  index_type: 0
  data_block_index_type: 0
  index_shortening: 1
  data_block_hash_table_util_ratio: 0.750000
  hash_index_allow_collision: 1
  checksum: 1
  no_block_cache: 0
  block_cache: 0x7f97a13d1650
  block_cache_name: LRUCache
  block_cache_options:
    capacity : 8388608
    num_shard_bits : 4
    strict_capacity_limit : 0
    memory_allocator : None
    high_pri_pool_ratio: 0.000
  block_cache_compressed: (nil)
  persistent_cache: (nil)
  block_size: 4096
  block_size_deviation: 10
  block_restart_interval: 16
  index_block_restart_interval: 1
  metadata_block_size: 4096
  partition_filters: 0
  use_delta_encoding: 1
  filter_policy: nullptr
  whole_key_filtering: 1
  verify_compression: 0
  read_amp_bytes_per_bit: 0
  format_version: 2
  enable_index_compression: 1
  block_align: 0
2020/03/28-15:04:50.042551 7f97a9fba700        Options.write_buffer_size: 67108864
2020/03/28-15:04:50.042552 7f97a9fba700  Options.max_write_buffer_number: 2
2020/03/28-15:04:50.042553 7f97a9fba700          Options.compression: Snappy
2020/03/28-15:04:50.042553 7f97a9fba700                  Options.bottommost_compression: Disabled
2020/03/28-15:04:50.042554 7f97a9fba700       Options.prefix_extractor: nullptr
2020/03/28-15:04:50.042555 7f97a9fba700   Options.memtable_insert_with_hint_prefix_extractor: nullptr
2020/03/28-15:04:50.042556 7f97a9fba700             Options.num_levels: 7
2020/03/28-15:04:50.042556 7f97a9fba700        Options.min_write_buffer_number_to_merge: 1
2020/03/28-15:04:50.042557 7f97a9fba700     Options.max_write_buffer_number_to_maintain: 2
2020/03/28-15:04:50.042558 7f97a9fba700            Options.bottommost_compression_opts.window_bits: -14
2020/03/28-15:04:50.042559 7f97a9fba700                  Options.bottommost_compression_opts.level: 32767
2020/03/28-15:04:50.042559 7f97a9fba700               Options.bottommost_compression_opts.strategy: 0
2020/03/28-15:04:50.042560 7f97a9fba700         Options.bottommost_compression_opts.max_dict_bytes: 0
2020/03/28-15:04:50.042561 7f97a9fba700         Options.bottommost_compression_opts.zstd_max_train_bytes: 0
2020/03/28-15:04:50.042562 7f97a9fba700                  Options.bottommost_compression_opts.enabled: false
2020/03/28-15:04:50.042562 7f97a9fba700            Options.compression_opts.window_bits: -14
2020/03/28-15:04:50.042563 7f97a9fba700                  Options.compression_opts.level: 32767
2020/03/28-15:04:50.042564 7f97a9fba700               Options.compression_opts.strategy: 0
2020/03/28-15:04:50.042564 7f97a9fba700         Options.compression_opts.max_dict_bytes: 0
2020/03/28-15:04:50.042565 7f97a9fba700         Options.compression_opts.zstd_max_train_bytes: 0
2020/03/28-15:04:50.042566 7f97a9fba700                  Options.compression_opts.enabled: false
2020/03/28-15:04:50.042567 7f97a9fba700      Options.level0_file_num_compaction_trigger: 4
2020/03/28-15:04:50.042567 7f97a9fba700          Options.level0_slowdown_writes_trigger: 20
2020/03/28-15:04:50.042573 7f97a9fba700              Options.level0_stop_writes_trigger: 36
2020/03/28-15:04:50.042574 7f97a9fba700                   Options.target_file_size_base: 67108864
2020/03/28-15:04:50.042574 7f97a9fba700             Options.target_file_size_multiplier: 1
2020/03/28-15:04:50.042575 7f97a9fba700                Options.max_bytes_for_level_base: 268435456
2020/03/28-15:04:50.042576 7f97a9fba700                      Options.snap_refresh_nanos: 0
2020/03/28-15:04:50.042577 7f97a9fba700 Options.level_compaction_dynamic_level_bytes: 0
2020/03/28-15:04:50.042577 7f97a9fba700          Options.max_bytes_for_level_multiplier: 10.000000
2020/03/28-15:04:50.042579 7f97a9fba700 Options.max_bytes_for_level_multiplier_addtl[0]: 1
2020/03/28-15:04:50.042579 7f97a9fba700 Options.max_bytes_for_level_multiplier_addtl[1]: 1
2020/03/28-15:04:50.042580 7f97a9fba700 Options.max_bytes_for_level_multiplier_addtl[2]: 1
2020/03/28-15:04:50.042581 7f97a9fba700 Options.max_bytes_for_level_multiplier_addtl[3]: 1
2020/03/28-15:04:50.042582 7f97a9fba700 Options.max_bytes_for_level_multiplier_addtl[4]: 1
2020/03/28-15:04:50.042582 7f97a9fba700 Options.max_bytes_for_level_multiplier_addtl[5]: 1
2020/03/28-15:04:50.042583 7f97a9fba700 Options.max_bytes_for_level_multiplier_addtl[6]: 1
2020/03/28-15:04:50.042584 7f97a9fba700       Options.max_sequential_skip_in_iterations: 8
2020/03/28-15:04:50.042585 7f97a9fba700                    Options.max_compaction_bytes: 1677721600
2020/03/28-15:04:50.042585 7f97a9fba700                        Options.arena_block_size: 8388608
2020/03/28-15:04:50.042586 7f97a9fba700   Options.soft_pending_compaction_bytes_limit: 68719476736
2020/03/28-15:04:50.042587 7f97a9fba700   Options.hard_pending_compaction_bytes_limit: 274877906944
2020/03/28-15:04:50.042588 7f97a9fba700       Options.rate_limit_delay_max_milliseconds: 100
2020/03/28-15:04:50.042588 7f97a9fba700                Options.disable_auto_compactions: 1
2020/03/28-15:04:50.042589 7f97a9fba700                        Options.compaction_style: kCompactionStyleLevel
2020/03/28-15:04:50.042590 7f97a9fba700                          Options.compaction_pri: kMinOverlappingRatio
2020/03/28-15:04:50.042591 7f97a9fba700 Options.compaction_options_universal.size_ratio: 1
2020/03/28-15:04:50.042592 7f97a9fba700 Options.compaction_options_universal.min_merge_width: 2
2020/03/28-15:04:50.042592 7f97a9fba700 Options.compaction_options_universal.max_merge_width: 4294967295
2020/03/28-15:04:50.042593 7f97a9fba700 Options.compaction_options_universal.max_size_amplification_percent: 200
2020/03/28-15:04:50.042594 7f97a9fba700 Options.compaction_options_universal.compression_size_percent: -1
2020/03/28-15:04:50.042595 7f97a9fba700 Options.compaction_options_universal.stop_style: kCompactionStopStyleTotalSize
2020/03/28-15:04:50.042595 7f97a9fba700 Options.compaction_options_fifo.max_table_files_size: 1073741824
2020/03/28-15:04:50.042596 7f97a9fba700 Options.compaction_options_fifo.allow_compaction: 0
2020/03/28-15:04:50.042597 7f97a9fba700                   Options.table_properties_collectors: 
2020/03/28-15:04:50.042598 7f97a9fba700                   Options.inplace_update_support: 0
2020/03/28-15:04:50.042598 7f97a9fba700                 Options.inplace_update_num_locks: 10000
2020/03/28-15:04:50.042599 7f97a9fba700               Options.memtable_prefix_bloom_size_ratio: 0.000000
2020/03/28-15:04:50.042600 7f97a9fba700               Options.memtable_whole_key_filtering: 0
2020/03/28-15:04:50.042601 7f97a9fba700   Options.memtable_huge_page_size: 0
2020/03/28-15:04:50.042601 7f97a9fba700                           Options.bloom_locality: 0
2020/03/28-15:04:50.042602 7f97a9fba700                    Options.max_successive_merges: 0
2020/03/28-15:04:50.042603 7f97a9fba700                Options.optimize_filters_for_hits: 0
2020/03/28-15:04:50.042604 7f97a9fba700                Options.paranoid_file_checks: 0
2020/03/28-15:04:50.042604 7f97a9fba700                Options.force_consistency_checks: 0
2020/03/28-15:04:50.042605 7f97a9fba700                Options.report_bg_io_stats: 0
2020/03/28-15:04:50.042609 7f97a9fba700                               Options.ttl: 0
2020/03/28-15:04:50.042610 7f97a9fba700          Options.periodic_compaction_seconds: 0
2020/03/28-15:04:50.042633 7f97a9fba700 [lumn_family.cc:481] --------------- Options for column family []:
2020/03/28-15:04:50.042635 7f97a9fba700               Options.comparator: leveldb.BytewiseComparator
2020/03/28-15:04:50.042635 7f97a9fba700           Options.merge_operator: None
2020/03/28-15:04:50.042636 7f97a9fba700        Options.compaction_filter: None
2020/03/28-15:04:50.042637 7f97a9fba700        Options.compaction_filter_factory: None
2020/03/28-15:04:50.042638 7f97a9fba700         Options.memtable_factory: SkipListFactory
2020/03/28-15:04:50.042638 7f97a9fba700            Options.table_factory: BlockBasedTable
2020/03/28-15:04:50.042652 7f97a9fba700            table_factory options:   flush_block_policy_factory: FlushBlockBySizePolicyFactory (0x7f97a13d03e0)
  cache_index_and_filter_blocks: 0
  cache_index_and_filter_blocks_with_high_priority: 1
  pin_l0_filter_and_index_blocks_in_cache: 0
  pin_top_level_index_and_filter: 1
  index_type: 0
  data_block_index_type: 0
  index_shortening: 1
  data_block_hash_table_util_ratio: 0.750000
  hash_index_allow_collision: 1
  checksum: 1
  no_block_cache: 0
  block_cache: 0x7f97a13d0420
  block_cache_name: LRUCache
  block_cache_options:
    capacity : 8388608
    num_shard_bits : 4
    strict_capacity_limit : 0
    memory_allocator : None
    high_pri_pool_ratio: 0.000
  block_cache_compressed: (nil)
  persistent_cache: (nil)
  block_size: 4096
  block_size_deviation: 10
  block_restart_interval: 16
  index_block_restart_interval: 1
  metadata_block_size: 4096
  partition_filters: 0
  use_delta_encoding: 1
  filter_policy: nullptr
  whole_key_filtering: 1
  verify_compression: 0
  read_amp_bytes_per_bit: 0
  format_version: 2
  enable_index_compression: 1
  block_align: 0
2020/03/28-15:04:50.042654 7f97a9fba700        Options.write_buffer_size: 67108864
2020/03/28-15:04:50.042655 7f97a9fba700  Options.max_write_buffer_number: 2
2020/03/28-15:04:50.042656 7f97a9fba700          Options.compression: Snappy
2020/03/28-15:04:50.042657 7f97a9fba700                  Options.bottommost_compression: Disabled
2020/03/28-15:04:50.042658 7f97a9fba700       Options.prefix_extractor: nullptr
2020/03/28-15:04:50.042658 7f97a9fba700   Options.memtable_insert_with_hint_prefix_extractor: nullptr
2020/03/28-15:04:50.042659 7f97a9fba700             Options.num_levels: 7
2020/03/28-15:04:50.042660 7f97a9fba700        Options.min_write_buffer_number_to_merge: 1
2020/03/28-15:04:50.042660 7f97a9fba700     Options.max_write_buffer_number_to_maintain: 2
2020/03/28-15:04:50.042661 7f97a9fba700            Options.bottommost_compression_opts.window_bits: -14
2020/03/28-15:04:50.042662 7f97a9fba700                  Options.bottommost_compression_opts.level: 32767
2020/03/28-15:04:50.042663 7f97a9fba700               Options.bottommost_compression_opts.strategy: 0
2020/03/28-15:04:50.042663 7f97a9fba700         Options.bottommost_compression_opts.max_dict_bytes: 0
2020/03/28-15:04:50.042664 7f97a9fba700         Options.bottommost_compression_opts.zstd_max_train_bytes: 0
2020/03/28-15:04:50.042665 7f97a9fba700                  Options.bottommost_compression_opts.enabled: false
2020/03/28-15:04:50.042665 7f97a9fba700            Options.compression_opts.window_bits: -14
2020/03/28-15:04:50.042666 7f97a9fba700                  Options.compression_opts.level: 32767
2020/03/28-15:04:50.042667 7f97a9fba700               Options.compression_opts.strategy: 0
2020/03/28-15:04:50.042668 7f97a9fba700         Options.compression_opts.max_dict_bytes: 0
2020/03/28-15:04:50.042668 7f97a9fba700         Options.compression_opts.zstd_max_train_bytes: 0
2020/03/28-15:04:50.042669 7f97a9fba700                  Options.compression_opts.enabled: false
2020/03/28-15:04:50.042670 7f97a9fba700      Options.level0_file_num_compaction_trigger: 4
2020/03/28-15:04:50.042671 7f97a9fba700          Options.level0_slowdown_writes_trigger: 20
2020/03/28-15:04:50.042679 7f97a9fba700              Options.level0_stop_writes_trigger: 36
2020/03/28-15:04:50.042680 7f97a9fba700                   Options.target_file_size_base: 67108864
2020/03/28-15:04:50.042681 7f97a9fba700             Options.target_file_size_multiplier: 1
2020/03/28-15:04:50.042681 7f97a9fba700                Options.max_bytes_for_level_base: 268435456
2020/03/28-15:04:50.042682 7f97a9fba700                      Options.snap_refresh_nanos: 0
2020/03/28-15:04:50.042683 7f97a9fba700 Options.level_compaction_dynamic_level_bytes: 0
2020/03/28-15:04:50.042683 7f97a9fba700          Options.max_bytes_for_level_multiplier: 10.000000
2020/03/28-15:04:50.042685 7f97a9fba700 Options.max_bytes_for_level_multiplier_addtl[0]: 1
2020/03/28-15:04:50.042686 7f97a9fba700 Options.max_bytes_for_level_multiplier_addtl[1]: 1
2020/03/28-15:04:50.042686 7f97a9fba700 Options.max_bytes_for_level_multiplier_addtl[2]: 1
2020/03/28-15:04:50.042687 7f97a9fba700 Options.max_bytes_for_level_multiplier_addtl[3]: 1
2020/03/28-15:04:50.042688 7f97a9fba700 Options.max_bytes_for_level_multiplier_addtl[4]: 1
2020/03/28-15:04:50.042688 7f97a9fba700 Options.max_bytes_for_level_multiplier_addtl[5]: 1
2020/03/28-15:04:50.042689 7f97a9fba700 Options.max_bytes_for_level_multiplier_addtl[6]: 1
2020/03/28-15:04:50.042690 7f97a9fba700       Options.max_sequential_skip_in_iterations: 8
2020/03/28-15:04:50.042691 7f97a9fba700                    Options.max_compaction_bytes: 1677721600
2020/03/28-15:04:50.042691 7f97a9fba700                        Options.arena_block_size: 8388608
2020/03/28-15:04:50.042692 7f97a9fba700   Options.soft_pending_compaction_bytes_limit: 68719476736
2020/03/28-15:04:50.042693 7f97a9fba700   Options.hard_pending_compaction_bytes_limit: 274877906944
2020/03/28-15:04:50.042694 7f97a9fba700       Options.rate_limit_delay_max_milliseconds: 100
2020/03/28-15:04:50.042694 7f97a9fba700                Options.disable_auto_compactions: 1
2020/03/28-15:04:50.042695 7f97a9fba700                        Options.compaction_style: kCompactionStyleLevel
2020/03/28-15:04:50.042696 7f97a9fba700                          Options.compaction_pri: kMinOverlappingRatio
2020/03/28-15:04:50.042697 7f97a9fba700 Options.compaction_options_universal.size_ratio: 1
2020/03/28-15:04:50.042697 7f97a9fba700 Options.compaction_options_universal.min_merge_width: 2
2020/03/28-15:04:50.042698 7f97a9fba700 Options.compaction_options_universal.max_merge_width: 4294967295
2020/03/28-15:04:50.042699 7f97a9fba700 Options.compaction_options_universal.max_size_amplification_percent: 200
2020/03/28-15:04:50.042700 7f97a9fba700 Options.compaction_options_universal.compression_size_percent: -1
2020/03/28-15:04:50.042700 7f97a9fba700 Options.compaction_options_universal.stop_style: kCompactionStopStyleTotalSize
2020/03/28-15:04:50.042701 7f97a9fba700 Options.compaction_options_fifo.max_table_files_size: 1073741824
2020/03/28-15:04:50.042702 7f97a9fba700 Options.compaction_options_fifo.allow_compaction: 0
2020/03/28-15:04:50.042703 7f97a9fba700                   Options.table_properties_collectors: 
2020/03/28-15:04:50.042703 7f97a9fba700                   Options.inplace_update_support: 0
2020/03/28-15:04:50.042704 7f97a9fba700                 Options.inplace_update_num_locks: 10000
2020/03/28-15:04:50.042705 7f97a9fba700               Options.memtable_prefix_bloom_size_ratio: 0.000000
2020/03/28-15:04:50.042706 7f97a9fba700               Options.memtable_whole_key_filtering: 0
2020/03/28-15:04:50.042707 7f97a9fba700   Options.memtable_huge_page_size: 0
2020/03/28-15:04:50.042707 7f97a9fba700                           Options.bloom_locality: 0
2020/03/28-15:04:50.042708 7f97a9fba700                    Options.max_successive_merges: 0
2020/03/28-15:04:50.042709 7f97a9fba700                Options.optimize_filters_for_hits: 0
2020/03/28-15:04:50.042709 7f97a9fba700                Options.paranoid_file_checks: 0
2020/03/28-15:04:50.042710 7f97a9fba700                Options.force_consistency_checks: 0
2020/03/28-15:04:50.042711 7f97a9fba700                Options.report_bg_io_stats: 0
2020/03/28-15:04:50.042715 7f97a9fba700                               Options.ttl: 0
2020/03/28-15:04:50.042716 7f97a9fba700          Options.periodic_compaction_seconds: 0
2020/03/28-15:04:50.042731 7f97a9fba700 [lumn_family.cc:481] --------------- Options for column family []:
2020/03/28-15:04:50.042732 7f97a9fba700               Options.comparator: leveldb.BytewiseComparator
2020/03/28-15:04:50.042733 7f97a9fba700           Options.merge_operator: None
2020/03/28-15:04:50.042734 7f97a9fba700        Options.compaction_filter: None
2020/03/28-15:04:50.042734 7f97a9fba700        Options.compaction_filter_factory: None
2020/03/28-15:04:50.042735 7f97a9fba700         Options.memtable_factory: SkipListFactory
2020/03/28-15:04:50.042736 7f97a9fba700            Options.table_factory: BlockBasedTable
2020/03/28-15:04:50.042749 7f97a9fba700            table_factory options:   flush_block_policy_factory: FlushBlockBySizePolicyFactory (0x7f97a13c73d0)
  cache_index_and_filter_blocks: 0
  cache_index_and_filter_blocks_with_high_priority: 1
  pin_l0_filter_and_index_blocks_in_cache: 0
  pin_top_level_index_and_filter: 1
  index_type: 0
  data_block_index_type: 0
  index_shortening: 1
  data_block_hash_table_util_ratio: 0.750000
  hash_index_allow_collision: 1
  checksum: 1
  no_block_cache: 0
  block_cache: 0x7f97a13c7410
  block_cache_name: LRUCache
  block_cache_options:
    capacity : 8388608
    num_shard_bits : 4
    strict_capacity_limit : 0
    memory_allocator : None
    high_pri_pool_ratio: 0.000
  block_cache_compressed: (nil)
  persistent_cache: (nil)
  block_size: 4096
  block_size_deviation: 10
  block_restart_interval: 16
  index_block_restart_interval: 1
  metadata_block_size: 4096
  partition_filters: 0
  use_delta_encoding: 1
  filter_policy: nullptr
  whole_key_filtering: 1
  verify_compression: 0
  read_amp_bytes_per_bit: 0
  format_version: 2
  enable_index_compression: 1
  block_align: 0
2020/03/28-15:04:50.042750 7f97a9fba700        Options.write_buffer_size: 67108864
2020/03/28-15:04:50.042751 7f97a9fba700  Options.max_write_buffer_number: 2
2020/03/28-15:04:50.042752 7f97a9fba700          Options.compression: Snappy
2020/03/28-15:04:50.042752 7f97a9fba700                  Options.bottommost_compression: Disabled
2020/03/28-15:04:50.042753 7f97a9fba700       Options.prefix_extractor: nullptr
2020/03/28-15:04:50.042754 7f97a9fba700   Options.memtable_insert_with_hint_prefix_extractor: nullptr
2020/03/28-15:04:50.042754 7f97a9fba700             Options.num_levels: 7
2020/03/28-15:04:50.042755 7f97a9fba700        Options.min_write_buffer_number_to_merge: 1
2020/03/28-15:04:50.042756 7f97a9fba700     Options.max_write_buffer_number_to_maintain: 2
2020/03/28-15:04:50.042757 7f97a9fba700            Options.bottommost_compression_opts.window_bits: -14
2020/03/28-15:04:50.042757 7f97a9fba700                  Options.bottommost_compression_opts.level: 32767
2020/03/28-15:04:50.042758 7f97a9fba700               Options.bottommost_compression_opts.strategy: 0
2020/03/28-15:04:50.042759 7f97a9fba700         Options.bottommost_compression_opts.max_dict_bytes: 0
2020/03/28-15:04:50.042760 7f97a9fba700         Options.bottommost_compression_opts.zstd_max_train_bytes: 0
2020/03/28-15:04:50.042760 7f97a9fba700                  Options.bottommost_compression_opts.enabled: false
2020/03/28-15:04:50.042761 7f97a9fba700            Options.compression_opts.window_bits: -14
2020/03/28-15:04:50.042762 7f97a9fba700                  Options.compression_opts.level: 32767
2020/03/28-15:04:50.042763 7f97a9fba700               Options.compression_opts.strategy: 0
2020/03/28-15:04:50.042763 7f97a9fba700         Options.compression_opts.max_dict_bytes: 0
2020/03/28-15:04:50.042764 7f97a9fba700         Options.compression_opts.zstd_max_train_bytes: 0
2020/03/28-15:04:50.042765 7f97a9fba700                  Options.compression_opts.enabled: false
2020/03/28-15:04:50.042765 7f97a9fba700      Options.level0_file_num_compaction_trigger: 4
2020/03/28-15:04:50.042766 7f97a9fba700          Options.level0_slowdown_writes_trigger: 20
2020/03/28-15:04:50.042771 7f97a9fba700              Options.level0_stop_writes_trigger: 36
2020/03/28-15:04:50.042772 7f97a9fba700                   Options.target_file_size_base: 67108864
2020/03/28-15:04:50.042773 7f97a9fba700             Options.target_file_size_multiplier: 1
2020/03/28-15:04:50.042774 7f97a9fba700                Options.max_bytes_for_level_base: 268435456
2020/03/28-15:04:50.042775 7f97a9fba700                      Options.snap_refresh_nanos: 0
2020/03/28-15:04:50.042775 7f97a9fba700 Options.level_compaction_dynamic_level_bytes: 0
2020/03/28-15:04:50.042776 7f97a9fba700          Options.max_bytes_for_level_multiplier: 10.000000
2020/03/28-15:04:50.042777 7f97a9fba700 Options.max_bytes_for_level_multiplier_addtl[0]: 1
2020/03/28-15:04:50.042778 7f97a9fba700 Options.max_bytes_for_level_multiplier_addtl[1]: 1
2020/03/28-15:04:50.042779 7f97a9fba700 Options.max_bytes_for_level_multiplier_addtl[2]: 1
2020/03/28-15:04:50.042780 7f97a9fba700 Options.max_bytes_for_level_multiplier_addtl[3]: 1
2020/03/28-15:04:50.042780 7f97a9fba700 Options.max_bytes_for_level_multiplier_addtl[4]: 1
2020/03/28-15:04:50.042781 7f97a9fba700 Options.max_bytes_for_level_multiplier_addtl[5]: 1
2020/03/28-15:04:50.042782 7f97a9fba700 Options.max_bytes_for_level_multiplier_addtl[6]: 1
2020/03/28-15:04:50.042782 7f97a9fba700       Options.max_sequential_skip_in_iterations: 8
2020/03/28-15:04:50.042783 7f97a9fba700                    Options.max_compaction_bytes: 1677721600
2020/03/28-15:04:50.042784 7f97a9fba700                        Options.arena_block_size: 8388608
2020/03/28-15:04:50.042785 7f97a9fba700   Options.soft_pending_compaction_bytes_limit: 68719476736
2020/03/28-15:04:50.042785 7f97a9fba700   Options.hard_pending_compaction_bytes_limit: 274877906944
2020/03/28-15:04:50.042786 7f97a9fba700       Options.rate_limit_delay_max_milliseconds: 100
2020/03/28-15:04:50.042787 7f97a9fba700                Options.disable_auto_compactions: 1
2020/03/28-15:04:50.042788 7f97a9fba700                        Options.compaction_style: kCompactionStyleLevel
2020/03/28-15:04:50.042789 7f97a9fba700                          Options.compaction_pri: kMinOverlappingRatio
2020/03/28-15:04:50.042789 7f97a9fba700 Options.compaction_options_universal.size_ratio: 1
2020/03/28-15:04:50.042790 7f97a9fba700 Options.compaction_options_universal.min_merge_width: 2
2020/03/28-15:04:50.042791 7f97a9fba700 Options.compaction_options_universal.max_merge_width: 4294967295
2020/03/28-15:04:50.042791 7f97a9fba700 Options.compaction_options_universal.max_size_amplification_percent: 200
2020/03/28-15:04:50.042792 7f97a9fba700 Options.compaction_options_universal.compression_size_percent: -1
2020/03/28-15:04:50.042793 7f97a9fba700 Options.compaction_options_universal.stop_style: kCompactionStopStyleTotalSize
2020/03/28-15:04:50.042794 7f97a9fba700 Options.compaction_options_fifo.max_table_files_size: 1073741824
2020/03/28-15:04:50.042795 7f97a9fba700 Options.compaction_options_fifo.allow_compaction: 0
