2020/03/28-14:46:10.058539 7fcbe4b83700 RocksDB version: 6.4.6
2020/03/28-14:46:10.058593 7fcbe4b83700 Git sha rocksdb_build_git_sha:
2020/03/28-14:46:10.058596 7fcbe4b83700 Compile date Nov 24 2019
2020/03/28-14:46:10.058603 7fcbe4b83700 DB SUMMARY
2020/03/28-14:46:10.058651 7fcbe4b83700 CURRENT file:  CURRENT
2020/03/28-14:46:10.058653 7fcbe4b83700 IDENTITY file:  IDENTITY
2020/03/28-14:46:10.058657 7fcbe4b83700 MANIFEST file:  MANIFEST-000028 size: 676 Bytes
2020/03/28-14:46:10.058659 7fcbe4b83700 SST files in /home/yehia/Documents/Projects/Hyperledger Besu/besu-network-ibft2-master/ibft-besu/node-1/data/database dir, Total Num: 2, files: 000029.sst 000030.sst 
2020/03/28-14:46:10.058661 7fcbe4b83700 Write Ahead Log file in /home/yehia/Documents/Projects/Hyperledger Besu/besu-network-ibft2-master/ibft-besu/node-1/data/database: 000003.log size: 664868 ; 000031.log size: 629 ; 
2020/03/28-14:46:10.058664 7fcbe4b83700                         Options.error_if_exists: 0
2020/03/28-14:46:10.058666 7fcbe4b83700                       Options.create_if_missing: 1
2020/03/28-14:46:10.058667 7fcbe4b83700                         Options.paranoid_checks: 1
2020/03/28-14:46:10.058668 7fcbe4b83700                                     Options.env: 0x7fcb94951b60
2020/03/28-14:46:10.058669 7fcbe4b83700                                Options.info_log: 0x7fcbdd3e4010
2020/03/28-14:46:10.058670 7fcbe4b83700                Options.max_file_opening_threads: 16
2020/03/28-14:46:10.058671 7fcbe4b83700                              Options.statistics: 0x7fcbdd37e5c0
2020/03/28-14:46:10.058673 7fcbe4b83700                               Options.use_fsync: 0
2020/03/28-14:46:10.058674 7fcbe4b83700                       Options.max_log_file_size: 0
2020/03/28-14:46:10.058675 7fcbe4b83700                  Options.max_manifest_file_size: 1073741824
2020/03/28-14:46:10.058676 7fcbe4b83700                   Options.log_file_time_to_roll: 0
2020/03/28-14:46:10.058677 7fcbe4b83700                       Options.keep_log_file_num: 1000
2020/03/28-14:46:10.058678 7fcbe4b83700                    Options.recycle_log_file_num: 0
2020/03/28-14:46:10.058679 7fcbe4b83700                         Options.allow_fallocate: 1
2020/03/28-14:46:10.058680 7fcbe4b83700                        Options.allow_mmap_reads: 0
2020/03/28-14:46:10.058681 7fcbe4b83700                       Options.allow_mmap_writes: 0
2020/03/28-14:46:10.058682 7fcbe4b83700                        Options.use_direct_reads: 0
2020/03/28-14:46:10.058684 7fcbe4b83700                        Options.use_direct_io_for_flush_and_compaction: 0
2020/03/28-14:46:10.058685 7fcbe4b83700          Options.create_missing_column_families: 1
2020/03/28-14:46:10.058686 7fcbe4b83700                              Options.db_log_dir: 
2020/03/28-14:46:10.058687 7fcbe4b83700                                 Options.wal_dir: /home/yehia/Documents/Projects/Hyperledger Besu/besu-network-ibft2-master/ibft-besu/node-1/data/database
2020/03/28-14:46:10.058688 7fcbe4b83700                Options.table_cache_numshardbits: 6
2020/03/28-14:46:10.058689 7fcbe4b83700                      Options.max_subcompactions: 1
2020/03/28-14:46:10.058690 7fcbe4b83700                  Options.max_background_flushes: -1
2020/03/28-14:46:10.058691 7fcbe4b83700                         Options.WAL_ttl_seconds: 0
2020/03/28-14:46:10.058692 7fcbe4b83700                       Options.WAL_size_limit_MB: 0
2020/03/28-14:46:10.058693 7fcbe4b83700             Options.manifest_preallocation_size: 4194304
2020/03/28-14:46:10.058695 7fcbe4b83700                     Options.is_fd_close_on_exec: 1
2020/03/28-14:46:10.058696 7fcbe4b83700                   Options.advise_random_on_open: 1
2020/03/28-14:46:10.058697 7fcbe4b83700                    Options.db_write_buffer_size: 0
2020/03/28-14:46:10.058698 7fcbe4b83700                    Options.write_buffer_manager: 0x7fcbdd3e3ee0
2020/03/28-14:46:10.058699 7fcbe4b83700         Options.access_hint_on_compaction_start: 1
2020/03/28-14:46:10.058700 7fcbe4b83700  Options.new_table_reader_for_compaction_inputs: 0
2020/03/28-14:46:10.058701 7fcbe4b83700           Options.random_access_max_buffer_size: 1048576
2020/03/28-14:46:10.058711 7fcbe4b83700                      Options.use_adaptive_mutex: 0
2020/03/28-14:46:10.058712 7fcbe4b83700                            Options.rate_limiter: (nil)
2020/03/28-14:46:10.058715 7fcbe4b83700     Options.sst_file_manager.rate_bytes_per_sec: 0
2020/03/28-14:46:10.058716 7fcbe4b83700                       Options.wal_recovery_mode: 2
2020/03/28-14:46:10.058717 7fcbe4b83700                  Options.enable_thread_tracking: 0
2020/03/28-14:46:10.058718 7fcbe4b83700                  Options.enable_pipelined_write: 0
2020/03/28-14:46:10.058719 7fcbe4b83700                  Options.unordered_write: 0
2020/03/28-14:46:10.058720 7fcbe4b83700         Options.allow_concurrent_memtable_write: 1
2020/03/28-14:46:10.058721 7fcbe4b83700      Options.enable_write_thread_adaptive_yield: 1
2020/03/28-14:46:10.058722 7fcbe4b83700             Options.write_thread_max_yield_usec: 100
2020/03/28-14:46:10.058724 7fcbe4b83700            Options.write_thread_slow_yield_usec: 3
2020/03/28-14:46:10.058725 7fcbe4b83700                               Options.row_cache: None
2020/03/28-14:46:10.058726 7fcbe4b83700                              Options.wal_filter: None
2020/03/28-14:46:10.058727 7fcbe4b83700             Options.avoid_flush_during_recovery: 0
2020/03/28-14:46:10.058728 7fcbe4b83700             Options.allow_ingest_behind: 0
2020/03/28-14:46:10.058729 7fcbe4b83700             Options.preserve_deletes: 0
2020/03/28-14:46:10.058730 7fcbe4b83700             Options.two_write_queues: 0
2020/03/28-14:46:10.058731 7fcbe4b83700             Options.manual_wal_flush: 0
2020/03/28-14:46:10.058732 7fcbe4b83700             Options.atomic_flush: 0
2020/03/28-14:46:10.058733 7fcbe4b83700             Options.avoid_unnecessary_blocking_io: 0
2020/03/28-14:46:10.058734 7fcbe4b83700                 Options.persist_stats_to_disk: 0
2020/03/28-14:46:10.058735 7fcbe4b83700                 Options.log_readahead_size: 0
2020/03/28-14:46:10.058738 7fcbe4b83700             Options.max_background_jobs: 2
2020/03/28-14:46:10.058739 7fcbe4b83700             Options.max_background_compactions: 4
2020/03/28-14:46:10.058740 7fcbe4b83700             Options.avoid_flush_during_shutdown: 0
2020/03/28-14:46:10.058741 7fcbe4b83700           Options.writable_file_max_buffer_size: 1048576
2020/03/28-14:46:10.058742 7fcbe4b83700             Options.delayed_write_rate : 16777216
2020/03/28-14:46:10.058743 7fcbe4b83700             Options.max_total_wal_size: 0
2020/03/28-14:46:10.058744 7fcbe4b83700             Options.delete_obsolete_files_period_micros: 21600000000
2020/03/28-14:46:10.058746 7fcbe4b83700                   Options.stats_dump_period_sec: 600
2020/03/28-14:46:10.058747 7fcbe4b83700                 Options.stats_persist_period_sec: 600
2020/03/28-14:46:10.058748 7fcbe4b83700                 Options.stats_history_buffer_size: 1048576
2020/03/28-14:46:10.058749 7fcbe4b83700                          Options.max_open_files: 1024
2020/03/28-14:46:10.058750 7fcbe4b83700                          Options.bytes_per_sync: 0
2020/03/28-14:46:10.058751 7fcbe4b83700                      Options.wal_bytes_per_sync: 0
2020/03/28-14:46:10.058752 7fcbe4b83700                   Options.strict_bytes_per_sync: 0
2020/03/28-14:46:10.058753 7fcbe4b83700       Options.compaction_readahead_size: 0
2020/03/28-14:46:10.058754 7fcbe4b83700 Compression algorithms supported:
2020/03/28-14:46:10.058756 7fcbe4b83700 	kZSTDNotFinalCompression supported: 1
2020/03/28-14:46:10.058762 7fcbe4b83700 	kZSTD supported: 1
2020/03/28-14:46:10.058763 7fcbe4b83700 	kXpressCompression supported: 0
2020/03/28-14:46:10.058764 7fcbe4b83700 	kLZ4HCCompression supported: 1
2020/03/28-14:46:10.058766 7fcbe4b83700 	kLZ4Compression supported: 1
2020/03/28-14:46:10.058767 7fcbe4b83700 	kBZip2Compression supported: 1
2020/03/28-14:46:10.058768 7fcbe4b83700 	kZlibCompression supported: 1
2020/03/28-14:46:10.058769 7fcbe4b83700 	kSnappyCompression supported: 1
2020/03/28-14:46:10.058773 7fcbe4b83700 Fast CRC32 supported: Not supported on x86
2020/03/28-14:46:10.059005 7fcbe4b83700 [rsion_set.cc:4252] Recovering from manifest file: /home/yehia/Documents/Projects/Hyperledger Besu/besu-network-ibft2-master/ibft-besu/node-1/data/database/MANIFEST-000028
2020/03/28-14:46:10.059107 7fcbe4b83700 [lumn_family.cc:481] --------------- Options for column family [default]:
2020/03/28-14:46:10.059110 7fcbe4b83700               Options.comparator: leveldb.BytewiseComparator
2020/03/28-14:46:10.059111 7fcbe4b83700           Options.merge_operator: None
2020/03/28-14:46:10.059113 7fcbe4b83700        Options.compaction_filter: None
2020/03/28-14:46:10.059114 7fcbe4b83700        Options.compaction_filter_factory: None
2020/03/28-14:46:10.059115 7fcbe4b83700         Options.memtable_factory: SkipListFactory
2020/03/28-14:46:10.059116 7fcbe4b83700            Options.table_factory: BlockBasedTable
2020/03/28-14:46:10.059150 7fcbe4b83700            table_factory options:   flush_block_policy_factory: FlushBlockBySizePolicyFactory (0x7fcbdd380a50)
  cache_index_and_filter_blocks: 0
  cache_index_and_filter_blocks_with_high_priority: 0
  pin_l0_filter_and_index_blocks_in_cache: 0
  pin_top_level_index_and_filter: 1
  index_type: 0
  data_block_index_type: 0
  index_shortening: 1
  data_block_hash_table_util_ratio: 0.750000
  hash_index_allow_collision: 1
  checksum: 1
  no_block_cache: 0
  block_cache: 0x7fcbdd37ec20
  block_cache_name: LRUCache
  block_cache_options:
    capacity : 8388608
    num_shard_bits : 4
    strict_capacity_limit : 0
    memory_allocator : None
    high_pri_pool_ratio: 0.000
  block_cache_compressed: (nil)
  persistent_cache: (nil)
  block_size: 4096
  block_size_deviation: 10
  block_restart_interval: 16
  index_block_restart_interval: 1
  metadata_block_size: 4096
  partition_filters: 0
  use_delta_encoding: 1
  filter_policy: nullptr
  whole_key_filtering: 1
  verify_compression: 1
  read_amp_bytes_per_bit: 0
  format_version: 2
  enable_index_compression: 1
  block_align: 0
2020/03/28-14:46:10.059152 7fcbe4b83700        Options.write_buffer_size: 67108864
2020/03/28-14:46:10.059153 7fcbe4b83700  Options.max_write_buffer_number: 2
2020/03/28-14:46:10.059155 7fcbe4b83700          Options.compression: Snappy
2020/03/28-14:46:10.059156 7fcbe4b83700                  Options.bottommost_compression: Disabled
2020/03/28-14:46:10.059157 7fcbe4b83700       Options.prefix_extractor: nullptr
2020/03/28-14:46:10.059158 7fcbe4b83700   Options.memtable_insert_with_hint_prefix_extractor: nullptr
2020/03/28-14:46:10.059159 7fcbe4b83700             Options.num_levels: 7
2020/03/28-14:46:10.059160 7fcbe4b83700        Options.min_write_buffer_number_to_merge: 1
2020/03/28-14:46:10.059161 7fcbe4b83700     Options.max_write_buffer_number_to_maintain: 2
2020/03/28-14:46:10.059163 7fcbe4b83700            Options.bottommost_compression_opts.window_bits: -14
2020/03/28-14:46:10.059164 7fcbe4b83700                  Options.bottommost_compression_opts.level: 32767
2020/03/28-14:46:10.059165 7fcbe4b83700               Options.bottommost_compression_opts.strategy: 0
2020/03/28-14:46:10.059166 7fcbe4b83700         Options.bottommost_compression_opts.max_dict_bytes: 0
2020/03/28-14:46:10.059167 7fcbe4b83700         Options.bottommost_compression_opts.zstd_max_train_bytes: 0
2020/03/28-14:46:10.059168 7fcbe4b83700                  Options.bottommost_compression_opts.enabled: false
2020/03/28-14:46:10.059169 7fcbe4b83700            Options.compression_opts.window_bits: -14
2020/03/28-14:46:10.059170 7fcbe4b83700                  Options.compression_opts.level: 32767
2020/03/28-14:46:10.059172 7fcbe4b83700               Options.compression_opts.strategy: 0
2020/03/28-14:46:10.059173 7fcbe4b83700         Options.compression_opts.max_dict_bytes: 0
2020/03/28-14:46:10.059174 7fcbe4b83700         Options.compression_opts.zstd_max_train_bytes: 0
2020/03/28-14:46:10.059175 7fcbe4b83700                  Options.compression_opts.enabled: false
2020/03/28-14:46:10.059176 7fcbe4b83700      Options.level0_file_num_compaction_trigger: 4
2020/03/28-14:46:10.059177 7fcbe4b83700          Options.level0_slowdown_writes_trigger: 20
2020/03/28-14:46:10.059188 7fcbe4b83700              Options.level0_stop_writes_trigger: 36
2020/03/28-14:46:10.059189 7fcbe4b83700                   Options.target_file_size_base: 67108864
2020/03/28-14:46:10.059190 7fcbe4b83700             Options.target_file_size_multiplier: 1
2020/03/28-14:46:10.059191 7fcbe4b83700                Options.max_bytes_for_level_base: 268435456
2020/03/28-14:46:10.059192 7fcbe4b83700                      Options.snap_refresh_nanos: 0
2020/03/28-14:46:10.059193 7fcbe4b83700 Options.level_compaction_dynamic_level_bytes: 0
2020/03/28-14:46:10.059195 7fcbe4b83700          Options.max_bytes_for_level_multiplier: 10.000000
2020/03/28-14:46:10.059197 7fcbe4b83700 Options.max_bytes_for_level_multiplier_addtl[0]: 1
2020/03/28-14:46:10.059198 7fcbe4b83700 Options.max_bytes_for_level_multiplier_addtl[1]: 1
2020/03/28-14:46:10.059199 7fcbe4b83700 Options.max_bytes_for_level_multiplier_addtl[2]: 1
2020/03/28-14:46:10.059201 7fcbe4b83700 Options.max_bytes_for_level_multiplier_addtl[3]: 1
2020/03/28-14:46:10.059202 7fcbe4b83700 Options.max_bytes_for_level_multiplier_addtl[4]: 1
2020/03/28-14:46:10.059203 7fcbe4b83700 Options.max_bytes_for_level_multiplier_addtl[5]: 1
2020/03/28-14:46:10.059204 7fcbe4b83700 Options.max_bytes_for_level_multiplier_addtl[6]: 1
2020/03/28-14:46:10.059205 7fcbe4b83700       Options.max_sequential_skip_in_iterations: 8
2020/03/28-14:46:10.059206 7fcbe4b83700                    Options.max_compaction_bytes: 1677721600
2020/03/28-14:46:10.059207 7fcbe4b83700                        Options.arena_block_size: 8388608
2020/03/28-14:46:10.059208 7fcbe4b83700   Options.soft_pending_compaction_bytes_limit: 68719476736
2020/03/28-14:46:10.059209 7fcbe4b83700   Options.hard_pending_compaction_bytes_limit: 274877906944
2020/03/28-14:46:10.059210 7fcbe4b83700       Options.rate_limit_delay_max_milliseconds: 100
2020/03/28-14:46:10.059212 7fcbe4b83700                Options.disable_auto_compactions: 1
2020/03/28-14:46:10.059213 7fcbe4b83700                        Options.compaction_style: kCompactionStyleLevel
2020/03/28-14:46:10.059215 7fcbe4b83700                          Options.compaction_pri: kMinOverlappingRatio
2020/03/28-14:46:10.059216 7fcbe4b83700 Options.compaction_options_universal.size_ratio: 1
2020/03/28-14:46:10.059217 7fcbe4b83700 Options.compaction_options_universal.min_merge_width: 2
2020/03/28-14:46:10.059218 7fcbe4b83700 Options.compaction_options_universal.max_merge_width: 4294967295
2020/03/28-14:46:10.059219 7fcbe4b83700 Options.compaction_options_universal.max_size_amplification_percent: 200
2020/03/28-14:46:10.059220 7fcbe4b83700 Options.compaction_options_universal.compression_size_percent: -1
2020/03/28-14:46:10.059222 7fcbe4b83700 Options.compaction_options_universal.stop_style: kCompactionStopStyleTotalSize
2020/03/28-14:46:10.059223 7fcbe4b83700 Options.compaction_options_fifo.max_table_files_size: 1073741824
2020/03/28-14:46:10.059224 7fcbe4b83700 Options.compaction_options_fifo.allow_compaction: 0
2020/03/28-14:46:10.059225 7fcbe4b83700                   Options.table_properties_collectors: 
2020/03/28-14:46:10.059226 7fcbe4b83700                   Options.inplace_update_support: 0
2020/03/28-14:46:10.059227 7fcbe4b83700                 Options.inplace_update_num_locks: 10000
2020/03/28-14:46:10.059228 7fcbe4b83700               Options.memtable_prefix_bloom_size_ratio: 0.000000
2020/03/28-14:46:10.059230 7fcbe4b83700               Options.memtable_whole_key_filtering: 0
2020/03/28-14:46:10.059231 7fcbe4b83700   Options.memtable_huge_page_size: 0
2020/03/28-14:46:10.059232 7fcbe4b83700                           Options.bloom_locality: 0
2020/03/28-14:46:10.059233 7fcbe4b83700                    Options.max_successive_merges: 0
2020/03/28-14:46:10.059234 7fcbe4b83700                Options.optimize_filters_for_hits: 0
2020/03/28-14:46:10.059235 7fcbe4b83700                Options.paranoid_file_checks: 0
2020/03/28-14:46:10.059236 7fcbe4b83700                Options.force_consistency_checks: 0
2020/03/28-14:46:10.059237 7fcbe4b83700                Options.report_bg_io_stats: 0
2020/03/28-14:46:10.059243 7fcbe4b83700                               Options.ttl: 0
2020/03/28-14:46:10.059244 7fcbe4b83700          Options.periodic_compaction_seconds: 0
2020/03/28-14:46:10.059330 7fcbe4b83700 [lumn_family.cc:481] --------------- Options for column family []:
2020/03/28-14:46:10.059333 7fcbe4b83700               Options.comparator: leveldb.BytewiseComparator
2020/03/28-14:46:10.059334 7fcbe4b83700           Options.merge_operator: None
2020/03/28-14:46:10.059335 7fcbe4b83700        Options.compaction_filter: None
2020/03/28-14:46:10.059337 7fcbe4b83700        Options.compaction_filter_factory: None
2020/03/28-14:46:10.059338 7fcbe4b83700         Options.memtable_factory: SkipListFactory
2020/03/28-14:46:10.059339 7fcbe4b83700            Options.table_factory: BlockBasedTable
2020/03/28-14:46:10.059361 7fcbe4b83700            table_factory options:   flush_block_policy_factory: FlushBlockBySizePolicyFactory (0x7fcbdd37a040)
  cache_index_and_filter_blocks: 0
  cache_index_and_filter_blocks_with_high_priority: 1
  pin_l0_filter_and_index_blocks_in_cache: 0
  pin_top_level_index_and_filter: 1
  index_type: 0
  data_block_index_type: 0
  index_shortening: 1
  data_block_hash_table_util_ratio: 0.750000
  hash_index_allow_collision: 1
  checksum: 1
  no_block_cache: 0
  block_cache: 0x7fcbdd37a280
  block_cache_name: LRUCache
  block_cache_options:
    capacity : 8388608
    num_shard_bits : 4
    strict_capacity_limit : 0
    memory_allocator : None
    high_pri_pool_ratio: 0.000
  block_cache_compressed: (nil)
  persistent_cache: (nil)
  block_size: 4096
  block_size_deviation: 10
  block_restart_interval: 16
  index_block_restart_interval: 1
  metadata_block_size: 4096
  partition_filters: 0
  use_delta_encoding: 1
  filter_policy: nullptr
  whole_key_filtering: 1
  verify_compression: 0
  read_amp_bytes_per_bit: 0
  format_version: 2
  enable_index_compression: 1
  block_align: 0
2020/03/28-14:46:10.059364 7fcbe4b83700        Options.write_buffer_size: 67108864
2020/03/28-14:46:10.059365 7fcbe4b83700  Options.max_write_buffer_number: 2
2020/03/28-14:46:10.059367 7fcbe4b83700          Options.compression: Snappy
2020/03/28-14:46:10.059368 7fcbe4b83700                  Options.bottommost_compression: Disabled
2020/03/28-14:46:10.059369 7fcbe4b83700       Options.prefix_extractor: nullptr
2020/03/28-14:46:10.059370 7fcbe4b83700   Options.memtable_insert_with_hint_prefix_extractor: nullptr
2020/03/28-14:46:10.059371 7fcbe4b83700             Options.num_levels: 7
2020/03/28-14:46:10.059372 7fcbe4b83700        Options.min_write_buffer_number_to_merge: 1
2020/03/28-14:46:10.059373 7fcbe4b83700     Options.max_write_buffer_number_to_maintain: 2
2020/03/28-14:46:10.059374 7fcbe4b83700            Options.bottommost_compression_opts.window_bits: -14
2020/03/28-14:46:10.059375 7fcbe4b83700                  Options.bottommost_compression_opts.level: 32767
2020/03/28-14:46:10.059377 7fcbe4b83700               Options.bottommost_compression_opts.strategy: 0
2020/03/28-14:46:10.059378 7fcbe4b83700         Options.bottommost_compression_opts.max_dict_bytes: 0
2020/03/28-14:46:10.059379 7fcbe4b83700         Options.bottommost_compression_opts.zstd_max_train_bytes: 0
2020/03/28-14:46:10.059380 7fcbe4b83700                  Options.bottommost_compression_opts.enabled: false
2020/03/28-14:46:10.059381 7fcbe4b83700            Options.compression_opts.window_bits: -14
2020/03/28-14:46:10.059382 7fcbe4b83700                  Options.compression_opts.level: 32767
2020/03/28-14:46:10.059383 7fcbe4b83700               Options.compression_opts.strategy: 0
2020/03/28-14:46:10.059384 7fcbe4b83700         Options.compression_opts.max_dict_bytes: 0
2020/03/28-14:46:10.059385 7fcbe4b83700         Options.compression_opts.zstd_max_train_bytes: 0
2020/03/28-14:46:10.059387 7fcbe4b83700                  Options.compression_opts.enabled: false
2020/03/28-14:46:10.059388 7fcbe4b83700      Options.level0_file_num_compaction_trigger: 4
2020/03/28-14:46:10.059389 7fcbe4b83700          Options.level0_slowdown_writes_trigger: 20
2020/03/28-14:46:10.059398 7fcbe4b83700              Options.level0_stop_writes_trigger: 36
2020/03/28-14:46:10.059399 7fcbe4b83700                   Options.target_file_size_base: 67108864
2020/03/28-14:46:10.059400 7fcbe4b83700             Options.target_file_size_multiplier: 1
2020/03/28-14:46:10.059401 7fcbe4b83700                Options.max_bytes_for_level_base: 268435456
2020/03/28-14:46:10.059402 7fcbe4b83700                      Options.snap_refresh_nanos: 0
2020/03/28-14:46:10.059403 7fcbe4b83700 Options.level_compaction_dynamic_level_bytes: 0
2020/03/28-14:46:10.059404 7fcbe4b83700          Options.max_bytes_for_level_multiplier: 10.000000
2020/03/28-14:46:10.059406 7fcbe4b83700 Options.max_bytes_for_level_multiplier_addtl[0]: 1
2020/03/28-14:46:10.059408 7fcbe4b83700 Options.max_bytes_for_level_multiplier_addtl[1]: 1
2020/03/28-14:46:10.059409 7fcbe4b83700 Options.max_bytes_for_level_multiplier_addtl[2]: 1
2020/03/28-14:46:10.059410 7fcbe4b83700 Options.max_bytes_for_level_multiplier_addtl[3]: 1
2020/03/28-14:46:10.059411 7fcbe4b83700 Options.max_bytes_for_level_multiplier_addtl[4]: 1
2020/03/28-14:46:10.059412 7fcbe4b83700 Options.max_bytes_for_level_multiplier_addtl[5]: 1
2020/03/28-14:46:10.059413 7fcbe4b83700 Options.max_bytes_for_level_multiplier_addtl[6]: 1
2020/03/28-14:46:10.059414 7fcbe4b83700       Options.max_sequential_skip_in_iterations: 8
2020/03/28-14:46:10.059415 7fcbe4b83700                    Options.max_compaction_bytes: 1677721600
2020/03/28-14:46:10.059416 7fcbe4b83700                        Options.arena_block_size: 8388608
2020/03/28-14:46:10.059417 7fcbe4b83700   Options.soft_pending_compaction_bytes_limit: 68719476736
2020/03/28-14:46:10.059419 7fcbe4b83700   Options.hard_pending_compaction_bytes_limit: 274877906944
2020/03/28-14:46:10.059420 7fcbe4b83700       Options.rate_limit_delay_max_milliseconds: 100
2020/03/28-14:46:10.059421 7fcbe4b83700                Options.disable_auto_compactions: 1
2020/03/28-14:46:10.059422 7fcbe4b83700                        Options.compaction_style: kCompactionStyleLevel
2020/03/28-14:46:10.059423 7fcbe4b83700                          Options.compaction_pri: kMinOverlappingRatio
2020/03/28-14:46:10.059424 7fcbe4b83700 Options.compaction_options_universal.size_ratio: 1
2020/03/28-14:46:10.059425 7fcbe4b83700 Options.compaction_options_universal.min_merge_width: 2
2020/03/28-14:46:10.059426 7fcbe4b83700 Options.compaction_options_universal.max_merge_width: 4294967295
2020/03/28-14:46:10.059428 7fcbe4b83700 Options.compaction_options_universal.max_size_amplification_percent: 200
2020/03/28-14:46:10.059429 7fcbe4b83700 Options.compaction_options_universal.compression_size_percent: -1
2020/03/28-14:46:10.059430 7fcbe4b83700 Options.compaction_options_universal.stop_style: kCompactionStopStyleTotalSize
2020/03/28-14:46:10.059431 7fcbe4b83700 Options.compaction_options_fifo.max_table_files_size: 1073741824
2020/03/28-14:46:10.059432 7fcbe4b83700 Options.compaction_options_fifo.allow_compaction: 0
2020/03/28-14:46:10.059433 7fcbe4b83700                   Options.table_properties_collectors: 
2020/03/28-14:46:10.059434 7fcbe4b83700                   Options.inplace_update_support: 0
2020/03/28-14:46:10.059435 7fcbe4b83700                 Options.inplace_update_num_locks: 10000
2020/03/28-14:46:10.059437 7fcbe4b83700               Options.memtable_prefix_bloom_size_ratio: 0.000000
2020/03/28-14:46:10.059438 7fcbe4b83700               Options.memtable_whole_key_filtering: 0
2020/03/28-14:46:10.059439 7fcbe4b83700   Options.memtable_huge_page_size: 0
2020/03/28-14:46:10.059440 7fcbe4b83700                           Options.bloom_locality: 0
2020/03/28-14:46:10.059441 7fcbe4b83700                    Options.max_successive_merges: 0
2020/03/28-14:46:10.059442 7fcbe4b83700                Options.optimize_filters_for_hits: 0
2020/03/28-14:46:10.059443 7fcbe4b83700                Options.paranoid_file_checks: 0
2020/03/28-14:46:10.059444 7fcbe4b83700                Options.force_consistency_checks: 0
2020/03/28-14:46:10.059445 7fcbe4b83700                Options.report_bg_io_stats: 0
2020/03/28-14:46:10.059451 7fcbe4b83700                               Options.ttl: 0
2020/03/28-14:46:10.059452 7fcbe4b83700          Options.periodic_compaction_seconds: 0
2020/03/28-14:46:10.059476 7fcbe4b83700 [lumn_family.cc:481] --------------- Options for column family []:
2020/03/28-14:46:10.059477 7fcbe4b83700               Options.comparator: leveldb.BytewiseComparator
2020/03/28-14:46:10.059479 7fcbe4b83700           Options.merge_operator: None
2020/03/28-14:46:10.059480 7fcbe4b83700        Options.compaction_filter: None
2020/03/28-14:46:10.059481 7fcbe4b83700        Options.compaction_filter_factory: None
2020/03/28-14:46:10.059482 7fcbe4b83700         Options.memtable_factory: SkipListFactory
2020/03/28-14:46:10.059483 7fcbe4b83700            Options.table_factory: BlockBasedTable
2020/03/28-14:46:10.059503 7fcbe4b83700            table_factory options:   flush_block_policy_factory: FlushBlockBySizePolicyFactory (0x7fcbdd379040)
  cache_index_and_filter_blocks: 0
  cache_index_and_filter_blocks_with_high_priority: 1
  pin_l0_filter_and_index_blocks_in_cache: 0
  pin_top_level_index_and_filter: 1
  index_type: 0
  data_block_index_type: 0
  index_shortening: 1
  data_block_hash_table_util_ratio: 0.750000
  hash_index_allow_collision: 1
  checksum: 1
  no_block_cache: 0
  block_cache: 0x7fcbdd379080
  block_cache_name: LRUCache
  block_cache_options:
    capacity : 8388608
    num_shard_bits : 4
    strict_capacity_limit : 0
    memory_allocator : None
    high_pri_pool_ratio: 0.000
  block_cache_compressed: (nil)
  persistent_cache: (nil)
  block_size: 4096
  block_size_deviation: 10
  block_restart_interval: 16
  index_block_restart_interval: 1
  metadata_block_size: 4096
  partition_filters: 0
  use_delta_encoding: 1
  filter_policy: nullptr
  whole_key_filtering: 1
  verify_compression: 0
  read_amp_bytes_per_bit: 0
  format_version: 2
  enable_index_compression: 1
  block_align: 0
2020/03/28-14:46:10.059506 7fcbe4b83700        Options.write_buffer_size: 67108864
2020/03/28-14:46:10.059507 7fcbe4b83700  Options.max_write_buffer_number: 2
2020/03/28-14:46:10.059508 7fcbe4b83700          Options.compression: Snappy
2020/03/28-14:46:10.059510 7fcbe4b83700                  Options.bottommost_compression: Disabled
2020/03/28-14:46:10.059511 7fcbe4b83700       Options.prefix_extractor: nullptr
2020/03/28-14:46:10.059512 7fcbe4b83700   Options.memtable_insert_with_hint_prefix_extractor: nullptr
2020/03/28-14:46:10.059513 7fcbe4b83700             Options.num_levels: 7
2020/03/28-14:46:10.059514 7fcbe4b83700        Options.min_write_buffer_number_to_merge: 1
2020/03/28-14:46:10.059515 7fcbe4b83700     Options.max_write_buffer_number_to_maintain: 2
2020/03/28-14:46:10.059516 7fcbe4b83700            Options.bottommost_compression_opts.window_bits: -14
2020/03/28-14:46:10.059517 7fcbe4b83700                  Options.bottommost_compression_opts.level: 32767
2020/03/28-14:46:10.059518 7fcbe4b83700               Options.bottommost_compression_opts.strategy: 0
2020/03/28-14:46:10.059519 7fcbe4b83700         Options.bottommost_compression_opts.max_dict_bytes: 0
2020/03/28-14:46:10.059520 7fcbe4b83700         Options.bottommost_compression_opts.zstd_max_train_bytes: 0
2020/03/28-14:46:10.059521 7fcbe4b83700                  Options.bottommost_compression_opts.enabled: false
2020/03/28-14:46:10.059522 7fcbe4b83700            Options.compression_opts.window_bits: -14
2020/03/28-14:46:10.059524 7fcbe4b83700                  Options.compression_opts.level: 32767
2020/03/28-14:46:10.059525 7fcbe4b83700               Options.compression_opts.strategy: 0
2020/03/28-14:46:10.059526 7fcbe4b83700         Options.compression_opts.max_dict_bytes: 0
2020/03/28-14:46:10.059527 7fcbe4b83700         Options.compression_opts.zstd_max_train_bytes: 0
2020/03/28-14:46:10.059528 7fcbe4b83700                  Options.compression_opts.enabled: false
2020/03/28-14:46:10.059529 7fcbe4b83700      Options.level0_file_num_compaction_trigger: 4
2020/03/28-14:46:10.059530 7fcbe4b83700          Options.level0_slowdown_writes_trigger: 20
2020/03/28-14:46:10.059538 7fcbe4b83700              Options.level0_stop_writes_trigger: 36
2020/03/28-14:46:10.059539 7fcbe4b83700                   Options.target_file_size_base: 67108864
2020/03/28-14:46:10.059540 7fcbe4b83700             Options.target_file_size_multiplier: 1
2020/03/28-14:46:10.059541 7fcbe4b83700                Options.max_bytes_for_level_base: 268435456
2020/03/28-14:46:10.059542 7fcbe4b83700                      Options.snap_refresh_nanos: 0
2020/03/28-14:46:10.059544 7fcbe4b83700 Options.level_compaction_dynamic_level_bytes: 0
2020/03/28-14:46:10.059545 7fcbe4b83700          Options.max_bytes_for_level_multiplier: 10.000000
2020/03/28-14:46:10.059546 7fcbe4b83700 Options.max_bytes_for_level_multiplier_addtl[0]: 1
2020/03/28-14:46:10.059548 7fcbe4b83700 Options.max_bytes_for_level_multiplier_addtl[1]: 1
2020/03/28-14:46:10.059549 7fcbe4b83700 Options.max_bytes_for_level_multiplier_addtl[2]: 1
2020/03/28-14:46:10.059550 7fcbe4b83700 Options.max_bytes_for_level_multiplier_addtl[3]: 1
2020/03/28-14:46:10.059551 7fcbe4b83700 Options.max_bytes_for_level_multiplier_addtl[4]: 1
2020/03/28-14:46:10.059552 7fcbe4b83700 Options.max_bytes_for_level_multiplier_addtl[5]: 1
2020/03/28-14:46:10.059553 7fcbe4b83700 Options.max_bytes_for_level_multiplier_addtl[6]: 1
2020/03/28-14:46:10.059554 7fcbe4b83700       Options.max_sequential_skip_in_iterations: 8
2020/03/28-14:46:10.059555 7fcbe4b83700                    Options.max_compaction_bytes: 1677721600
2020/03/28-14:46:10.059556 7fcbe4b83700                        Options.arena_block_size: 8388608
2020/03/28-14:46:10.059557 7fcbe4b83700   Options.soft_pending_compaction_bytes_limit: 68719476736
2020/03/28-14:46:10.059559 7fcbe4b83700   Options.hard_pending_compaction_bytes_limit: 274877906944
2020/03/28-14:46:10.059560 7fcbe4b83700       Options.rate_limit_delay_max_milliseconds: 100
2020/03/28-14:46:10.059561 7fcbe4b83700                Options.disable_auto_compactions: 1
2020/03/28-14:46:10.059562 7fcbe4b83700                        Options.compaction_style: kCompactionStyleLevel
2020/03/28-14:46:10.059563 7fcbe4b83700                          Options.compaction_pri: kMinOverlappingRatio
2020/03/28-14:46:10.059564 7fcbe4b83700 Options.compaction_options_universal.size_ratio: 1
2020/03/28-14:46:10.059566 7fcbe4b83700 Options.compaction_options_universal.min_merge_width: 2
2020/03/28-14:46:10.059567 7fcbe4b83700 Options.compaction_options_universal.max_merge_width: 4294967295
2020/03/28-14:46:10.059568 7fcbe4b83700 Options.compaction_options_universal.max_size_amplification_percent: 200
2020/03/28-14:46:10.059569 7fcbe4b83700 Options.compaction_options_universal.compression_size_percent: -1
2020/03/28-14:46:10.059570 7fcbe4b83700 Options.compaction_options_universal.stop_style: kCompactionStopStyleTotalSize
2020/03/28-14:46:10.059571 7fcbe4b83700 Options.compaction_options_fifo.max_table_files_size: 1073741824
2020/03/28-14:46:10.059572 7fcbe4b83700 Options.compaction_options_fifo.allow_compaction: 0
2020/03/28-14:46:10.059573 7fcbe4b83700                   Options.table_properties_collectors: 
2020/03/28-14:46:10.059574 7fcbe4b83700                   Options.inplace_update_support: 0
2020/03/28-14:46:10.059575 7fcbe4b83700                 Options.inplace_update_num_locks: 10000
2020/03/28-14:46:10.059577 7fcbe4b83700               Options.memtable_prefix_bloom_size_ratio: 0.000000
2020/03/28-14:46:10.059578 7fcbe4b83700               Options.memtable_whole_key_filtering: 0
2020/03/28-14:46:10.059579 7fcbe4b83700   Options.memtable_huge_page_size: 0
2020/03/28-14:46:10.059580 7fcbe4b83700                           Options.bloom_locality: 0
2020/03/28-14:46:10.059581 7fcbe4b83700                    Options.max_successive_merges: 0
2020/03/28-14:46:10.059582 7fcbe4b83700                Options.optimize_filters_for_hits: 0
2020/03/28-14:46:10.059583 7fcbe4b83700                Options.paranoid_file_checks: 0
2020/03/28-14:46:10.059584 7fcbe4b83700                Options.force_consistency_checks: 0
2020/03/28-14:46:10.059585 7fcbe4b83700                Options.report_bg_io_stats: 0
2020/03/28-14:46:10.059591 7fcbe4b83700                               Options.ttl: 0
2020/03/28-14:46:10.059592 7fcbe4b83700          Options.periodic_compaction_seconds: 0
2020/03/28-14:46:10.059615 7fcbe4b83700 [lumn_family.cc:481] --------------- Options for column family []:
2020/03/28-14:46:10.059618 7fcbe4b83700               Options.comparator: leveldb.BytewiseComparator
2020/03/28-14:46:10.059620 7fcbe4b83700           Options.merge_operator: None
2020/03/28-14:46:10.059622 7fcbe4b83700        Options.compaction_filter: None
2020/03/28-14:46:10.059623 7fcbe4b83700        Options.compaction_filter_factory: None
2020/03/28-14:46:10.059625 7fcbe4b83700         Options.memtable_factory: SkipListFactory
2020/03/28-14:46:10.059627 7fcbe4b83700            Options.table_factory: BlockBasedTable
2020/03/28-14:46:10.059655 7fcbe4b83700            table_factory options:   flush_block_policy_factory: FlushBlockBySizePolicyFactory (0x7fcbdd370040)
  cache_index_and_filter_blocks: 0
  cache_index_and_filter_blocks_with_high_priority: 1
  pin_l0_filter_and_index_blocks_in_cache: 0
  pin_top_level_index_and_filter: 1
  index_type: 0
  data_block_index_type: 0
  index_shortening: 1
  data_block_hash_table_util_ratio: 0.750000
  hash_index_allow_collision: 1
  checksum: 1
  no_block_cache: 0
  block_cache: 0x7fcbdd370080
  block_cache_name: LRUCache
  block_cache_options:
    capacity : 8388608
    num_shard_bits : 4
    strict_capacity_limit : 0
    memory_allocator : None
    high_pri_pool_ratio: 0.000
  block_cache_compressed: (nil)
  persistent_cache: (nil)
  block_size: 4096
  block_size_deviation: 10
  block_restart_interval: 16
  index_block_restart_interval: 1
  metadata_block_size: 4096
  partition_filters: 0
  use_delta_encoding: 1
  filter_policy: nullptr
  whole_key_filtering: 1
  verify_compression: 0
  read_amp_bytes_per_bit: 0
  format_version: 2
  enable_index_compression: 1
  block_align: 0
2020/03/28-14:46:10.059657 7fcbe4b83700        Options.write_buffer_size: 67108864
2020/03/28-14:46:10.059659 7fcbe4b83700  Options.max_write_buffer_number: 2
2020/03/28-14:46:10.059661 7fcbe4b83700          Options.compression: Snappy
2020/03/28-14:46:10.059662 7fcbe4b83700                  Options.bottommost_compression: Disabled
2020/03/28-14:46:10.059664 7fcbe4b83700       Options.prefix_extractor: nullptr
2020/03/28-14:46:10.059666 7fcbe4b83700   Options.memtable_insert_with_hint_prefix_extractor: nullptr
2020/03/28-14:46:10.059668 7fcbe4b83700             Options.num_levels: 7
2020/03/28-14:46:10.059669 7fcbe4b83700        Options.min_write_buffer_number_to_merge: 1
2020/03/28-14:46:10.059671 7fcbe4b83700     Options.max_write_buffer_number_to_maintain: 2
2020/03/28-14:46:10.059673 7fcbe4b83700            Options.bottommost_compression_opts.window_bits: -14
2020/03/28-14:46:10.059674 7fcbe4b83700                  Options.bottommost_compression_opts.level: 32767
2020/03/28-14:46:10.059677 7fcbe4b83700               Options.bottommost_compression_opts.strategy: 0
2020/03/28-14:46:10.059678 7fcbe4b83700         Options.bottommost_compression_opts.max_dict_bytes: 0
2020/03/28-14:46:10.059680 7fcbe4b83700         Options.bottommost_compression_opts.zstd_max_train_bytes: 0
2020/03/28-14:46:10.059682 7fcbe4b83700                  Options.bottommost_compression_opts.enabled: false
2020/03/28-14:46:10.059684 7fcbe4b83700            Options.compression_opts.window_bits: -14
2020/03/28-14:46:10.059685 7fcbe4b83700                  Options.compression_opts.level: 32767
2020/03/28-14:46:10.059686 7fcbe4b83700               Options.compression_opts.strategy: 0
2020/03/28-14:46:10.059687 7fcbe4b83700         Options.compression_opts.max_dict_bytes: 0
2020/03/28-14:46:10.059688 7fcbe4b83700         Options.compression_opts.zstd_max_train_bytes: 0
2020/03/28-14:46:10.059689 7fcbe4b83700                  Options.compression_opts.enabled: false
2020/03/28-14:46:10.059690 7fcbe4b83700      Options.level0_file_num_compaction_trigger: 4
2020/03/28-14:46:10.059691 7fcbe4b83700          Options.level0_slowdown_writes_trigger: 20
2020/03/28-14:46:10.059701 7fcbe4b83700              Options.level0_stop_writes_trigger: 36
2020/03/28-14:46:10.059702 7fcbe4b83700                   Options.target_file_size_base: 67108864
2020/03/28-14:46:10.059703 7fcbe4b83700             Options.target_file_size_multiplier: 1
2020/03/28-14:46:10.059705 7fcbe4b83700                Options.max_bytes_for_level_base: 268435456
2020/03/28-14:46:10.059707 7fcbe4b83700                      Options.snap_refresh_nanos: 0
2020/03/28-14:46:10.059709 7fcbe4b83700 Options.level_compaction_dynamic_level_bytes: 0
2020/03/28-14:46:10.059710 7fcbe4b83700          Options.max_bytes_for_level_multiplier: 10.000000
2020/03/28-14:46:10.059713 7fcbe4b83700 Options.max_bytes_for_level_multiplier_addtl[0]: 1
2020/03/28-14:46:10.059715 7fcbe4b83700 Options.max_bytes_for_level_multiplier_addtl[1]: 1
2020/03/28-14:46:10.059717 7fcbe4b83700 Options.max_bytes_for_level_multiplier_addtl[2]: 1
2020/03/28-14:46:10.059718 7fcbe4b83700 Options.max_bytes_for_level_multiplier_addtl[3]: 1
2020/03/28-14:46:10.059720 7fcbe4b83700 Options.max_bytes_for_level_multiplier_addtl[4]: 1
2020/03/28-14:46:10.059722 7fcbe4b83700 Options.max_bytes_for_level_multiplier_addtl[5]: 1
2020/03/28-14:46:10.059723 7fcbe4b83700 Options.max_bytes_for_level_multiplier_addtl[6]: 1
2020/03/28-14:46:10.059725 7fcbe4b83700       Options.max_sequential_skip_in_iterations: 8
2020/03/28-14:46:10.059727 7fcbe4b83700                    Options.max_compaction_bytes: 1677721600
2020/03/28-14:46:10.059729 7fcbe4b83700                        Options.arena_block_size: 8388608
2020/03/28-14:46:10.059731 7fcbe4b83700   Options.soft_pending_compaction_bytes_limit: 68719476736
2020/03/28-14:46:10.059733 7fcbe4b83700   Options.hard_pending_compaction_bytes_limit: 274877906944
2020/03/28-14:46:10.059735 7fcbe4b83700       Options.rate_limit_delay_max_milliseconds: 100
2020/03/28-14:46:10.059736 7fcbe4b83700                Options.disable_auto_compactions: 1
2020/03/28-14:46:10.059738 7fcbe4b83700                        Options.compaction_style: kCompactionStyleLevel
2020/03/28-14:46:10.059740 7fcbe4b83700                          Options.compaction_pri: kMinOverlappingRatio
2020/03/28-14:46:10.059741 7fcbe4b83700 Options.compaction_options_universal.size_ratio: 1
2020/03/28-14:46:10.059742 7fcbe4b83700 Options.compaction_options_universal.min_merge_width: 2
2020/03/28-14:46:10.059743 7fcbe4b83700 Options.compaction_options_universal.max_merge_width: 4294967295
2020/03/28-14:46:10.059744 7fcbe4b83700 Options.compaction_options_universal.max_size_amplification_percent: 200
2020/03/28-14:46:10.059745 7fcbe4b83700 Options.compaction_options_universal.compression_size_percent: -1
2020/03/28-14:46:10.059746 7fcbe4b83700 Options.compaction_options_universal.stop_style: kCompactionStopStyleTotalSize
2020/03/28-14:46:10.059747 7fcbe4b83700 Options.compaction_options_fifo.max_table_files_size: 1073741824
2020/03/28-14:46:10.059748 7fcbe4b83700 Options.compaction_options_fifo.allow_compaction: 0
