2020/03/28-14:08:47.563289 7f659199e700 RocksDB version: 6.4.6
2020/03/28-14:08:47.563325 7f659199e700 Git sha rocksdb_build_git_sha:
2020/03/28-14:08:47.563327 7f659199e700 Compile date Nov 24 2019
2020/03/28-14:08:47.563333 7f659199e700 DB SUMMARY
2020/03/28-14:08:47.563360 7f659199e700 CURRENT file:  CURRENT
2020/03/28-14:08:47.563361 7f659199e700 IDENTITY file:  IDENTITY
2020/03/28-14:08:47.563364 7f659199e700 MANIFEST file:  MANIFEST-000004 size: 365 Bytes
2020/03/28-14:08:47.563366 7f659199e700 SST files in /home/yehia/Documents/Projects/Hyperledger Besu/besu-network-ibft2-master/ibft-besu/node-3/data/database dir, Total Num: 0, files: 
2020/03/28-14:08:47.563367 7f659199e700 Write Ahead Log file in /home/yehia/Documents/Projects/Hyperledger Besu/besu-network-ibft2-master/ibft-besu/node-3/data/database: 000003.log size: 1589 ; 
2020/03/28-14:08:47.563369 7f659199e700                         Options.error_if_exists: 0
2020/03/28-14:08:47.563370 7f659199e700                       Options.create_if_missing: 1
2020/03/28-14:08:47.563371 7f659199e700                         Options.paranoid_checks: 1
2020/03/28-14:08:47.563372 7f659199e700                                     Options.env: 0x7f6529983b60
2020/03/28-14:08:47.563373 7f659199e700                                Options.info_log: 0x7f65892f2940
2020/03/28-14:08:47.563373 7f659199e700                Options.max_file_opening_threads: 16
2020/03/28-14:08:47.563374 7f659199e700                              Options.statistics: 0x7f658928e090
2020/03/28-14:08:47.563375 7f659199e700                               Options.use_fsync: 0
2020/03/28-14:08:47.563376 7f659199e700                       Options.max_log_file_size: 0
2020/03/28-14:08:47.563377 7f659199e700                  Options.max_manifest_file_size: 1073741824
2020/03/28-14:08:47.563377 7f659199e700                   Options.log_file_time_to_roll: 0
2020/03/28-14:08:47.563378 7f659199e700                       Options.keep_log_file_num: 1000
2020/03/28-14:08:47.563379 7f659199e700                    Options.recycle_log_file_num: 0
2020/03/28-14:08:47.563380 7f659199e700                         Options.allow_fallocate: 1
2020/03/28-14:08:47.563380 7f659199e700                        Options.allow_mmap_reads: 0
2020/03/28-14:08:47.563381 7f659199e700                       Options.allow_mmap_writes: 0
2020/03/28-14:08:47.563382 7f659199e700                        Options.use_direct_reads: 0
2020/03/28-14:08:47.563383 7f659199e700                        Options.use_direct_io_for_flush_and_compaction: 0
2020/03/28-14:08:47.563384 7f659199e700          Options.create_missing_column_families: 1
2020/03/28-14:08:47.563384 7f659199e700                              Options.db_log_dir: 
2020/03/28-14:08:47.563385 7f659199e700                                 Options.wal_dir: /home/yehia/Documents/Projects/Hyperledger Besu/besu-network-ibft2-master/ibft-besu/node-3/data/database
2020/03/28-14:08:47.563386 7f659199e700                Options.table_cache_numshardbits: 6
2020/03/28-14:08:47.563387 7f659199e700                      Options.max_subcompactions: 1
2020/03/28-14:08:47.563388 7f659199e700                  Options.max_background_flushes: -1
2020/03/28-14:08:47.563388 7f659199e700                         Options.WAL_ttl_seconds: 0
2020/03/28-14:08:47.563389 7f659199e700                       Options.WAL_size_limit_MB: 0
2020/03/28-14:08:47.563390 7f659199e700             Options.manifest_preallocation_size: 4194304
2020/03/28-14:08:47.563391 7f659199e700                     Options.is_fd_close_on_exec: 1
2020/03/28-14:08:47.563392 7f659199e700                   Options.advise_random_on_open: 1
2020/03/28-14:08:47.563392 7f659199e700                    Options.db_write_buffer_size: 0
2020/03/28-14:08:47.563393 7f659199e700                    Options.write_buffer_manager: 0x7f65892f39d0
2020/03/28-14:08:47.563394 7f659199e700         Options.access_hint_on_compaction_start: 1
2020/03/28-14:08:47.563395 7f659199e700  Options.new_table_reader_for_compaction_inputs: 0
2020/03/28-14:08:47.563396 7f659199e700           Options.random_access_max_buffer_size: 1048576
2020/03/28-14:08:47.563396 7f659199e700                      Options.use_adaptive_mutex: 0
2020/03/28-14:08:47.563403 7f659199e700                            Options.rate_limiter: (nil)
2020/03/28-14:08:47.563405 7f659199e700     Options.sst_file_manager.rate_bytes_per_sec: 0
2020/03/28-14:08:47.563406 7f659199e700                       Options.wal_recovery_mode: 2
2020/03/28-14:08:47.563407 7f659199e700                  Options.enable_thread_tracking: 0
2020/03/28-14:08:47.563408 7f659199e700                  Options.enable_pipelined_write: 0
2020/03/28-14:08:47.563408 7f659199e700                  Options.unordered_write: 0
2020/03/28-14:08:47.563409 7f659199e700         Options.allow_concurrent_memtable_write: 1
2020/03/28-14:08:47.563410 7f659199e700      Options.enable_write_thread_adaptive_yield: 1
2020/03/28-14:08:47.563411 7f659199e700             Options.write_thread_max_yield_usec: 100
2020/03/28-14:08:47.563411 7f659199e700            Options.write_thread_slow_yield_usec: 3
2020/03/28-14:08:47.563412 7f659199e700                               Options.row_cache: None
2020/03/28-14:08:47.563413 7f659199e700                              Options.wal_filter: None
2020/03/28-14:08:47.563414 7f659199e700             Options.avoid_flush_during_recovery: 0
2020/03/28-14:08:47.563415 7f659199e700             Options.allow_ingest_behind: 0
2020/03/28-14:08:47.563415 7f659199e700             Options.preserve_deletes: 0
2020/03/28-14:08:47.563416 7f659199e700             Options.two_write_queues: 0
2020/03/28-14:08:47.563417 7f659199e700             Options.manual_wal_flush: 0
2020/03/28-14:08:47.563418 7f659199e700             Options.atomic_flush: 0
2020/03/28-14:08:47.563418 7f659199e700             Options.avoid_unnecessary_blocking_io: 0
2020/03/28-14:08:47.563419 7f659199e700                 Options.persist_stats_to_disk: 0
2020/03/28-14:08:47.563420 7f659199e700                 Options.log_readahead_size: 0
2020/03/28-14:08:47.563421 7f659199e700             Options.max_background_jobs: 2
2020/03/28-14:08:47.563422 7f659199e700             Options.max_background_compactions: 4
2020/03/28-14:08:47.563423 7f659199e700             Options.avoid_flush_during_shutdown: 0
2020/03/28-14:08:47.563424 7f659199e700           Options.writable_file_max_buffer_size: 1048576
2020/03/28-14:08:47.563424 7f659199e700             Options.delayed_write_rate : 16777216
2020/03/28-14:08:47.563425 7f659199e700             Options.max_total_wal_size: 0
2020/03/28-14:08:47.563426 7f659199e700             Options.delete_obsolete_files_period_micros: 21600000000
2020/03/28-14:08:47.563427 7f659199e700                   Options.stats_dump_period_sec: 600
2020/03/28-14:08:47.563428 7f659199e700                 Options.stats_persist_period_sec: 600
2020/03/28-14:08:47.563428 7f659199e700                 Options.stats_history_buffer_size: 1048576
2020/03/28-14:08:47.563429 7f659199e700                          Options.max_open_files: 1024
2020/03/28-14:08:47.563430 7f659199e700                          Options.bytes_per_sync: 0
2020/03/28-14:08:47.563431 7f659199e700                      Options.wal_bytes_per_sync: 0
2020/03/28-14:08:47.563432 7f659199e700                   Options.strict_bytes_per_sync: 0
2020/03/28-14:08:47.563432 7f659199e700       Options.compaction_readahead_size: 0
2020/03/28-14:08:47.563433 7f659199e700 Compression algorithms supported:
2020/03/28-14:08:47.563434 7f659199e700 	kZSTDNotFinalCompression supported: 1
2020/03/28-14:08:47.563438 7f659199e700 	kZSTD supported: 1
2020/03/28-14:08:47.563439 7f659199e700 	kXpressCompression supported: 0
2020/03/28-14:08:47.563440 7f659199e700 	kLZ4HCCompression supported: 1
2020/03/28-14:08:47.563441 7f659199e700 	kLZ4Compression supported: 1
2020/03/28-14:08:47.563442 7f659199e700 	kBZip2Compression supported: 1
2020/03/28-14:08:47.563442 7f659199e700 	kZlibCompression supported: 1
2020/03/28-14:08:47.563443 7f659199e700 	kSnappyCompression supported: 1
2020/03/28-14:08:47.563446 7f659199e700 Fast CRC32 supported: Not supported on x86
2020/03/28-14:08:47.563609 7f659199e700 [rsion_set.cc:4252] Recovering from manifest file: /home/yehia/Documents/Projects/Hyperledger Besu/besu-network-ibft2-master/ibft-besu/node-3/data/database/MANIFEST-000004
2020/03/28-14:08:47.563674 7f659199e700 [lumn_family.cc:481] --------------- Options for column family [default]:
2020/03/28-14:08:47.563676 7f659199e700               Options.comparator: leveldb.BytewiseComparator
2020/03/28-14:08:47.563677 7f659199e700           Options.merge_operator: None
2020/03/28-14:08:47.563678 7f659199e700        Options.compaction_filter: None
2020/03/28-14:08:47.563678 7f659199e700        Options.compaction_filter_factory: None
2020/03/28-14:08:47.563679 7f659199e700         Options.memtable_factory: SkipListFactory
2020/03/28-14:08:47.563680 7f659199e700            Options.table_factory: BlockBasedTable
2020/03/28-14:08:47.563704 7f659199e700            table_factory options:   flush_block_policy_factory: FlushBlockBySizePolicyFactory (0x7f6589290520)
  cache_index_and_filter_blocks: 0
  cache_index_and_filter_blocks_with_high_priority: 0
  pin_l0_filter_and_index_blocks_in_cache: 0
  pin_top_level_index_and_filter: 1
  index_type: 0
  data_block_index_type: 0
  index_shortening: 1
  data_block_hash_table_util_ratio: 0.750000
  hash_index_allow_collision: 1
  checksum: 1
  no_block_cache: 0
  block_cache: 0x7f658928e710
  block_cache_name: LRUCache
  block_cache_options:
    capacity : 8388608
    num_shard_bits : 4
    strict_capacity_limit : 0
    memory_allocator : None
    high_pri_pool_ratio: 0.000
  block_cache_compressed: (nil)
  persistent_cache: (nil)
  block_size: 4096
  block_size_deviation: 10
  block_restart_interval: 16
  index_block_restart_interval: 1
  metadata_block_size: 4096
  partition_filters: 0
  use_delta_encoding: 1
  filter_policy: nullptr
  whole_key_filtering: 1
  verify_compression: 1
  read_amp_bytes_per_bit: 0
  format_version: 2
  enable_index_compression: 1
  block_align: 0
2020/03/28-14:08:47.563707 7f659199e700        Options.write_buffer_size: 67108864
2020/03/28-14:08:47.563708 7f659199e700  Options.max_write_buffer_number: 2
2020/03/28-14:08:47.563709 7f659199e700          Options.compression: Snappy
2020/03/28-14:08:47.563710 7f659199e700                  Options.bottommost_compression: Disabled
2020/03/28-14:08:47.563710 7f659199e700       Options.prefix_extractor: nullptr
2020/03/28-14:08:47.563711 7f659199e700   Options.memtable_insert_with_hint_prefix_extractor: nullptr
2020/03/28-14:08:47.563712 7f659199e700             Options.num_levels: 7
2020/03/28-14:08:47.563713 7f659199e700        Options.min_write_buffer_number_to_merge: 1
2020/03/28-14:08:47.563713 7f659199e700     Options.max_write_buffer_number_to_maintain: 2
2020/03/28-14:08:47.563714 7f659199e700            Options.bottommost_compression_opts.window_bits: -14
2020/03/28-14:08:47.563715 7f659199e700                  Options.bottommost_compression_opts.level: 32767
2020/03/28-14:08:47.563716 7f659199e700               Options.bottommost_compression_opts.strategy: 0
2020/03/28-14:08:47.563717 7f659199e700         Options.bottommost_compression_opts.max_dict_bytes: 0
2020/03/28-14:08:47.563717 7f659199e700         Options.bottommost_compression_opts.zstd_max_train_bytes: 0
2020/03/28-14:08:47.563718 7f659199e700                  Options.bottommost_compression_opts.enabled: false
2020/03/28-14:08:47.563719 7f659199e700            Options.compression_opts.window_bits: -14
2020/03/28-14:08:47.563720 7f659199e700                  Options.compression_opts.level: 32767
2020/03/28-14:08:47.563721 7f659199e700               Options.compression_opts.strategy: 0
2020/03/28-14:08:47.563722 7f659199e700         Options.compression_opts.max_dict_bytes: 0
2020/03/28-14:08:47.563722 7f659199e700         Options.compression_opts.zstd_max_train_bytes: 0
2020/03/28-14:08:47.563723 7f659199e700                  Options.compression_opts.enabled: false
2020/03/28-14:08:47.563724 7f659199e700      Options.level0_file_num_compaction_trigger: 4
2020/03/28-14:08:47.563725 7f659199e700          Options.level0_slowdown_writes_trigger: 20
2020/03/28-14:08:47.563725 7f659199e700              Options.level0_stop_writes_trigger: 36
2020/03/28-14:08:47.563731 7f659199e700                   Options.target_file_size_base: 67108864
2020/03/28-14:08:47.563732 7f659199e700             Options.target_file_size_multiplier: 1
2020/03/28-14:08:47.563733 7f659199e700                Options.max_bytes_for_level_base: 268435456
2020/03/28-14:08:47.563734 7f659199e700                      Options.snap_refresh_nanos: 0
2020/03/28-14:08:47.563735 7f659199e700 Options.level_compaction_dynamic_level_bytes: 0
2020/03/28-14:08:47.563735 7f659199e700          Options.max_bytes_for_level_multiplier: 10.000000
2020/03/28-14:08:47.563737 7f659199e700 Options.max_bytes_for_level_multiplier_addtl[0]: 1
2020/03/28-14:08:47.563738 7f659199e700 Options.max_bytes_for_level_multiplier_addtl[1]: 1
2020/03/28-14:08:47.563739 7f659199e700 Options.max_bytes_for_level_multiplier_addtl[2]: 1
2020/03/28-14:08:47.563740 7f659199e700 Options.max_bytes_for_level_multiplier_addtl[3]: 1
2020/03/28-14:08:47.563741 7f659199e700 Options.max_bytes_for_level_multiplier_addtl[4]: 1
2020/03/28-14:08:47.563741 7f659199e700 Options.max_bytes_for_level_multiplier_addtl[5]: 1
2020/03/28-14:08:47.563742 7f659199e700 Options.max_bytes_for_level_multiplier_addtl[6]: 1
2020/03/28-14:08:47.563743 7f659199e700       Options.max_sequential_skip_in_iterations: 8
2020/03/28-14:08:47.563744 7f659199e700                    Options.max_compaction_bytes: 1677721600
2020/03/28-14:08:47.563744 7f659199e700                        Options.arena_block_size: 8388608
2020/03/28-14:08:47.563745 7f659199e700   Options.soft_pending_compaction_bytes_limit: 68719476736
2020/03/28-14:08:47.563746 7f659199e700   Options.hard_pending_compaction_bytes_limit: 274877906944
2020/03/28-14:08:47.563747 7f659199e700       Options.rate_limit_delay_max_milliseconds: 100
2020/03/28-14:08:47.563748 7f659199e700                Options.disable_auto_compactions: 1
2020/03/28-14:08:47.563749 7f659199e700                        Options.compaction_style: kCompactionStyleLevel
2020/03/28-14:08:47.563750 7f659199e700                          Options.compaction_pri: kMinOverlappingRatio
2020/03/28-14:08:47.563751 7f659199e700 Options.compaction_options_universal.size_ratio: 1
2020/03/28-14:08:47.563751 7f659199e700 Options.compaction_options_universal.min_merge_width: 2
2020/03/28-14:08:47.563752 7f659199e700 Options.compaction_options_universal.max_merge_width: 4294967295
2020/03/28-14:08:47.563753 7f659199e700 Options.compaction_options_universal.max_size_amplification_percent: 200
2020/03/28-14:08:47.563754 7f659199e700 Options.compaction_options_universal.compression_size_percent: -1
2020/03/28-14:08:47.563755 7f659199e700 Options.compaction_options_universal.stop_style: kCompactionStopStyleTotalSize
2020/03/28-14:08:47.563755 7f659199e700 Options.compaction_options_fifo.max_table_files_size: 1073741824
2020/03/28-14:08:47.563756 7f659199e700 Options.compaction_options_fifo.allow_compaction: 0
2020/03/28-14:08:47.563757 7f659199e700                   Options.table_properties_collectors: 
2020/03/28-14:08:47.563758 7f659199e700                   Options.inplace_update_support: 0
2020/03/28-14:08:47.563759 7f659199e700                 Options.inplace_update_num_locks: 10000
2020/03/28-14:08:47.563759 7f659199e700               Options.memtable_prefix_bloom_size_ratio: 0.000000
2020/03/28-14:08:47.563760 7f659199e700               Options.memtable_whole_key_filtering: 0
2020/03/28-14:08:47.563761 7f659199e700   Options.memtable_huge_page_size: 0
2020/03/28-14:08:47.563762 7f659199e700                           Options.bloom_locality: 0
2020/03/28-14:08:47.563763 7f659199e700                    Options.max_successive_merges: 0
2020/03/28-14:08:47.563764 7f659199e700                Options.optimize_filters_for_hits: 0
2020/03/28-14:08:47.563764 7f659199e700                Options.paranoid_file_checks: 0
2020/03/28-14:08:47.563765 7f659199e700                Options.force_consistency_checks: 0
2020/03/28-14:08:47.563766 7f659199e700                Options.report_bg_io_stats: 0
2020/03/28-14:08:47.563767 7f659199e700                               Options.ttl: 0
2020/03/28-14:08:47.563771 7f659199e700          Options.periodic_compaction_seconds: 0
2020/03/28-14:08:47.563830 7f659199e700 [lumn_family.cc:481] --------------- Options for column family []:
2020/03/28-14:08:47.563832 7f659199e700               Options.comparator: leveldb.BytewiseComparator
2020/03/28-14:08:47.563833 7f659199e700           Options.merge_operator: None
2020/03/28-14:08:47.563834 7f659199e700        Options.compaction_filter: None
2020/03/28-14:08:47.563834 7f659199e700        Options.compaction_filter_factory: None
2020/03/28-14:08:47.563835 7f659199e700         Options.memtable_factory: SkipListFactory
2020/03/28-14:08:47.563836 7f659199e700            Options.table_factory: BlockBasedTable
2020/03/28-14:08:47.563852 7f659199e700            table_factory options:   flush_block_policy_factory: FlushBlockBySizePolicyFactory (0x7f6589289b20)
  cache_index_and_filter_blocks: 0
  cache_index_and_filter_blocks_with_high_priority: 1
  pin_l0_filter_and_index_blocks_in_cache: 0
  pin_top_level_index_and_filter: 1
  index_type: 0
  data_block_index_type: 0
  index_shortening: 1
  data_block_hash_table_util_ratio: 0.750000
  hash_index_allow_collision: 1
  checksum: 1
  no_block_cache: 0
  block_cache: 0x7f6589289d60
  block_cache_name: LRUCache
  block_cache_options:
    capacity : 8388608
    num_shard_bits : 4
    strict_capacity_limit : 0
    memory_allocator : None
    high_pri_pool_ratio: 0.000
  block_cache_compressed: (nil)
  persistent_cache: (nil)
  block_size: 4096
  block_size_deviation: 10
  block_restart_interval: 16
  index_block_restart_interval: 1
  metadata_block_size: 4096
  partition_filters: 0
  use_delta_encoding: 1
  filter_policy: nullptr
  whole_key_filtering: 1
  verify_compression: 0
  read_amp_bytes_per_bit: 0
  format_version: 2
  enable_index_compression: 1
  block_align: 0
2020/03/28-14:08:47.563853 7f659199e700        Options.write_buffer_size: 67108864
2020/03/28-14:08:47.563854 7f659199e700  Options.max_write_buffer_number: 2
2020/03/28-14:08:47.563855 7f659199e700          Options.compression: Snappy
2020/03/28-14:08:47.563856 7f659199e700                  Options.bottommost_compression: Disabled
2020/03/28-14:08:47.563856 7f659199e700       Options.prefix_extractor: nullptr
2020/03/28-14:08:47.563857 7f659199e700   Options.memtable_insert_with_hint_prefix_extractor: nullptr
2020/03/28-14:08:47.563858 7f659199e700             Options.num_levels: 7
2020/03/28-14:08:47.563859 7f659199e700        Options.min_write_buffer_number_to_merge: 1
2020/03/28-14:08:47.563859 7f659199e700     Options.max_write_buffer_number_to_maintain: 2
2020/03/28-14:08:47.563860 7f659199e700            Options.bottommost_compression_opts.window_bits: -14
2020/03/28-14:08:47.563861 7f659199e700                  Options.bottommost_compression_opts.level: 32767
2020/03/28-14:08:47.563862 7f659199e700               Options.bottommost_compression_opts.strategy: 0
2020/03/28-14:08:47.563863 7f659199e700         Options.bottommost_compression_opts.max_dict_bytes: 0
2020/03/28-14:08:47.563863 7f659199e700         Options.bottommost_compression_opts.zstd_max_train_bytes: 0
2020/03/28-14:08:47.563864 7f659199e700                  Options.bottommost_compression_opts.enabled: false
2020/03/28-14:08:47.563865 7f659199e700            Options.compression_opts.window_bits: -14
2020/03/28-14:08:47.563866 7f659199e700                  Options.compression_opts.level: 32767
2020/03/28-14:08:47.563867 7f659199e700               Options.compression_opts.strategy: 0
2020/03/28-14:08:47.563867 7f659199e700         Options.compression_opts.max_dict_bytes: 0
2020/03/28-14:08:47.563868 7f659199e700         Options.compression_opts.zstd_max_train_bytes: 0
2020/03/28-14:08:47.563869 7f659199e700                  Options.compression_opts.enabled: false
2020/03/28-14:08:47.563870 7f659199e700      Options.level0_file_num_compaction_trigger: 4
2020/03/28-14:08:47.563870 7f659199e700          Options.level0_slowdown_writes_trigger: 20
2020/03/28-14:08:47.563871 7f659199e700              Options.level0_stop_writes_trigger: 36
2020/03/28-14:08:47.563877 7f659199e700                   Options.target_file_size_base: 67108864
2020/03/28-14:08:47.563877 7f659199e700             Options.target_file_size_multiplier: 1
2020/03/28-14:08:47.563878 7f659199e700                Options.max_bytes_for_level_base: 268435456
2020/03/28-14:08:47.563879 7f659199e700                      Options.snap_refresh_nanos: 0
2020/03/28-14:08:47.563880 7f659199e700 Options.level_compaction_dynamic_level_bytes: 0
2020/03/28-14:08:47.563881 7f659199e700          Options.max_bytes_for_level_multiplier: 10.000000
2020/03/28-14:08:47.563882 7f659199e700 Options.max_bytes_for_level_multiplier_addtl[0]: 1
2020/03/28-14:08:47.563883 7f659199e700 Options.max_bytes_for_level_multiplier_addtl[1]: 1
2020/03/28-14:08:47.563883 7f659199e700 Options.max_bytes_for_level_multiplier_addtl[2]: 1
2020/03/28-14:08:47.563884 7f659199e700 Options.max_bytes_for_level_multiplier_addtl[3]: 1
2020/03/28-14:08:47.563885 7f659199e700 Options.max_bytes_for_level_multiplier_addtl[4]: 1
2020/03/28-14:08:47.563886 7f659199e700 Options.max_bytes_for_level_multiplier_addtl[5]: 1
2020/03/28-14:08:47.563887 7f659199e700 Options.max_bytes_for_level_multiplier_addtl[6]: 1
2020/03/28-14:08:47.563895 7f659199e700       Options.max_sequential_skip_in_iterations: 8
2020/03/28-14:08:47.563896 7f659199e700                    Options.max_compaction_bytes: 1677721600
2020/03/28-14:08:47.563897 7f659199e700                        Options.arena_block_size: 8388608
2020/03/28-14:08:47.563897 7f659199e700   Options.soft_pending_compaction_bytes_limit: 68719476736
2020/03/28-14:08:47.563898 7f659199e700   Options.hard_pending_compaction_bytes_limit: 274877906944
2020/03/28-14:08:47.563899 7f659199e700       Options.rate_limit_delay_max_milliseconds: 100
2020/03/28-14:08:47.563900 7f659199e700                Options.disable_auto_compactions: 1
2020/03/28-14:08:47.563901 7f659199e700                        Options.compaction_style: kCompactionStyleLevel
2020/03/28-14:08:47.563902 7f659199e700                          Options.compaction_pri: kMinOverlappingRatio
2020/03/28-14:08:47.563902 7f659199e700 Options.compaction_options_universal.size_ratio: 1
2020/03/28-14:08:47.563903 7f659199e700 Options.compaction_options_universal.min_merge_width: 2
2020/03/28-14:08:47.563904 7f659199e700 Options.compaction_options_universal.max_merge_width: 4294967295
2020/03/28-14:08:47.563905 7f659199e700 Options.compaction_options_universal.max_size_amplification_percent: 200
2020/03/28-14:08:47.563906 7f659199e700 Options.compaction_options_universal.compression_size_percent: -1
2020/03/28-14:08:47.563906 7f659199e700 Options.compaction_options_universal.stop_style: kCompactionStopStyleTotalSize
2020/03/28-14:08:47.563907 7f659199e700 Options.compaction_options_fifo.max_table_files_size: 1073741824
2020/03/28-14:08:47.563908 7f659199e700 Options.compaction_options_fifo.allow_compaction: 0
2020/03/28-14:08:47.563909 7f659199e700                   Options.table_properties_collectors: 
2020/03/28-14:08:47.563910 7f659199e700                   Options.inplace_update_support: 0
2020/03/28-14:08:47.563910 7f659199e700                 Options.inplace_update_num_locks: 10000
2020/03/28-14:08:47.563911 7f659199e700               Options.memtable_prefix_bloom_size_ratio: 0.000000
2020/03/28-14:08:47.563912 7f659199e700               Options.memtable_whole_key_filtering: 0
2020/03/28-14:08:47.563913 7f659199e700   Options.memtable_huge_page_size: 0
2020/03/28-14:08:47.563914 7f659199e700                           Options.bloom_locality: 0
2020/03/28-14:08:47.563914 7f659199e700                    Options.max_successive_merges: 0
2020/03/28-14:08:47.563915 7f659199e700                Options.optimize_filters_for_hits: 0
2020/03/28-14:08:47.563916 7f659199e700                Options.paranoid_file_checks: 0
2020/03/28-14:08:47.563917 7f659199e700                Options.force_consistency_checks: 0
2020/03/28-14:08:47.563917 7f659199e700                Options.report_bg_io_stats: 0
2020/03/28-14:08:47.563918 7f659199e700                               Options.ttl: 0
2020/03/28-14:08:47.563923 7f659199e700          Options.periodic_compaction_seconds: 0
2020/03/28-14:08:47.563939 7f659199e700 [lumn_family.cc:481] --------------- Options for column family []:
2020/03/28-14:08:47.563941 7f659199e700               Options.comparator: leveldb.BytewiseComparator
2020/03/28-14:08:47.563941 7f659199e700           Options.merge_operator: None
2020/03/28-14:08:47.563942 7f659199e700        Options.compaction_filter: None
2020/03/28-14:08:47.563943 7f659199e700        Options.compaction_filter_factory: None
2020/03/28-14:08:47.563944 7f659199e700         Options.memtable_factory: SkipListFactory
2020/03/28-14:08:47.563944 7f659199e700            Options.table_factory: BlockBasedTable
2020/03/28-14:08:47.563958 7f659199e700            table_factory options:   flush_block_policy_factory: FlushBlockBySizePolicyFactory (0x7f6589288b00)
  cache_index_and_filter_blocks: 0
  cache_index_and_filter_blocks_with_high_priority: 1
  pin_l0_filter_and_index_blocks_in_cache: 0
  pin_top_level_index_and_filter: 1
  index_type: 0
  data_block_index_type: 0
  index_shortening: 1
  data_block_hash_table_util_ratio: 0.750000
  hash_index_allow_collision: 1
  checksum: 1
  no_block_cache: 0
  block_cache: 0x7f6589288b40
  block_cache_name: LRUCache
  block_cache_options:
    capacity : 8388608
    num_shard_bits : 4
    strict_capacity_limit : 0
    memory_allocator : None
    high_pri_pool_ratio: 0.000
  block_cache_compressed: (nil)
  persistent_cache: (nil)
  block_size: 4096
  block_size_deviation: 10
  block_restart_interval: 16
  index_block_restart_interval: 1
  metadata_block_size: 4096
  partition_filters: 0
  use_delta_encoding: 1
  filter_policy: nullptr
  whole_key_filtering: 1
  verify_compression: 0
  read_amp_bytes_per_bit: 0
  format_version: 2
  enable_index_compression: 1
  block_align: 0
2020/03/28-14:08:47.563959 7f659199e700        Options.write_buffer_size: 67108864
2020/03/28-14:08:47.563960 7f659199e700  Options.max_write_buffer_number: 2
2020/03/28-14:08:47.563961 7f659199e700          Options.compression: Snappy
2020/03/28-14:08:47.563962 7f659199e700                  Options.bottommost_compression: Disabled
2020/03/28-14:08:47.563962 7f659199e700       Options.prefix_extractor: nullptr
2020/03/28-14:08:47.563963 7f659199e700   Options.memtable_insert_with_hint_prefix_extractor: nullptr
2020/03/28-14:08:47.563964 7f659199e700             Options.num_levels: 7
2020/03/28-14:08:47.563965 7f659199e700        Options.min_write_buffer_number_to_merge: 1
2020/03/28-14:08:47.563965 7f659199e700     Options.max_write_buffer_number_to_maintain: 2
2020/03/28-14:08:47.563966 7f659199e700            Options.bottommost_compression_opts.window_bits: -14
2020/03/28-14:08:47.563967 7f659199e700                  Options.bottommost_compression_opts.level: 32767
2020/03/28-14:08:47.563968 7f659199e700               Options.bottommost_compression_opts.strategy: 0
2020/03/28-14:08:47.563969 7f659199e700         Options.bottommost_compression_opts.max_dict_bytes: 0
2020/03/28-14:08:47.563969 7f659199e700         Options.bottommost_compression_opts.zstd_max_train_bytes: 0
2020/03/28-14:08:47.563970 7f659199e700                  Options.bottommost_compression_opts.enabled: false
2020/03/28-14:08:47.563971 7f659199e700            Options.compression_opts.window_bits: -14
2020/03/28-14:08:47.563972 7f659199e700                  Options.compression_opts.level: 32767
2020/03/28-14:08:47.563972 7f659199e700               Options.compression_opts.strategy: 0
2020/03/28-14:08:47.563973 7f659199e700         Options.compression_opts.max_dict_bytes: 0
2020/03/28-14:08:47.563974 7f659199e700         Options.compression_opts.zstd_max_train_bytes: 0
2020/03/28-14:08:47.563975 7f659199e700                  Options.compression_opts.enabled: false
2020/03/28-14:08:47.563975 7f659199e700      Options.level0_file_num_compaction_trigger: 4
2020/03/28-14:08:47.563976 7f659199e700          Options.level0_slowdown_writes_trigger: 20
2020/03/28-14:08:47.563977 7f659199e700              Options.level0_stop_writes_trigger: 36
2020/03/28-14:08:47.563982 7f659199e700                   Options.target_file_size_base: 67108864
2020/03/28-14:08:47.563983 7f659199e700             Options.target_file_size_multiplier: 1
2020/03/28-14:08:47.563984 7f659199e700                Options.max_bytes_for_level_base: 268435456
2020/03/28-14:08:47.563984 7f659199e700                      Options.snap_refresh_nanos: 0
2020/03/28-14:08:47.563985 7f659199e700 Options.level_compaction_dynamic_level_bytes: 0
2020/03/28-14:08:47.563986 7f659199e700          Options.max_bytes_for_level_multiplier: 10.000000
2020/03/28-14:08:47.563987 7f659199e700 Options.max_bytes_for_level_multiplier_addtl[0]: 1
2020/03/28-14:08:47.563988 7f659199e700 Options.max_bytes_for_level_multiplier_addtl[1]: 1
2020/03/28-14:08:47.563989 7f659199e700 Options.max_bytes_for_level_multiplier_addtl[2]: 1
2020/03/28-14:08:47.563990 7f659199e700 Options.max_bytes_for_level_multiplier_addtl[3]: 1
2020/03/28-14:08:47.563990 7f659199e700 Options.max_bytes_for_level_multiplier_addtl[4]: 1
2020/03/28-14:08:47.563991 7f659199e700 Options.max_bytes_for_level_multiplier_addtl[5]: 1
2020/03/28-14:08:47.563992 7f659199e700 Options.max_bytes_for_level_multiplier_addtl[6]: 1
2020/03/28-14:08:47.563993 7f659199e700       Options.max_sequential_skip_in_iterations: 8
2020/03/28-14:08:47.563994 7f659199e700                    Options.max_compaction_bytes: 1677721600
2020/03/28-14:08:47.563994 7f659199e700                        Options.arena_block_size: 8388608
2020/03/28-14:08:47.563995 7f659199e700   Options.soft_pending_compaction_bytes_limit: 68719476736
2020/03/28-14:08:47.563996 7f659199e700   Options.hard_pending_compaction_bytes_limit: 274877906944
2020/03/28-14:08:47.563997 7f659199e700       Options.rate_limit_delay_max_milliseconds: 100
2020/03/28-14:08:47.563998 7f659199e700                Options.disable_auto_compactions: 1
2020/03/28-14:08:47.563998 7f659199e700                        Options.compaction_style: kCompactionStyleLevel
2020/03/28-14:08:47.563999 7f659199e700                          Options.compaction_pri: kMinOverlappingRatio
2020/03/28-14:08:47.564000 7f659199e700 Options.compaction_options_universal.size_ratio: 1
2020/03/28-14:08:47.564001 7f659199e700 Options.compaction_options_universal.min_merge_width: 2
2020/03/28-14:08:47.564001 7f659199e700 Options.compaction_options_universal.max_merge_width: 4294967295
2020/03/28-14:08:47.564002 7f659199e700 Options.compaction_options_universal.max_size_amplification_percent: 200
2020/03/28-14:08:47.564003 7f659199e700 Options.compaction_options_universal.compression_size_percent: -1
2020/03/28-14:08:47.564004 7f659199e700 Options.compaction_options_universal.stop_style: kCompactionStopStyleTotalSize
2020/03/28-14:08:47.564005 7f659199e700 Options.compaction_options_fifo.max_table_files_size: 1073741824
2020/03/28-14:08:47.564005 7f659199e700 Options.compaction_options_fifo.allow_compaction: 0
2020/03/28-14:08:47.564006 7f659199e700                   Options.table_properties_collectors: 
2020/03/28-14:08:47.564007 7f659199e700                   Options.inplace_update_support: 0
2020/03/28-14:08:47.564008 7f659199e700                 Options.inplace_update_num_locks: 10000
2020/03/28-14:08:47.564009 7f659199e700               Options.memtable_prefix_bloom_size_ratio: 0.000000
2020/03/28-14:08:47.564009 7f659199e700               Options.memtable_whole_key_filtering: 0
2020/03/28-14:08:47.564010 7f659199e700   Options.memtable_huge_page_size: 0
2020/03/28-14:08:47.564011 7f659199e700                           Options.bloom_locality: 0
2020/03/28-14:08:47.564012 7f659199e700                    Options.max_successive_merges: 0
2020/03/28-14:08:47.564013 7f659199e700                Options.optimize_filters_for_hits: 0
2020/03/28-14:08:47.564013 7f659199e700                Options.paranoid_file_checks: 0
2020/03/28-14:08:47.564014 7f659199e700                Options.force_consistency_checks: 0
2020/03/28-14:08:47.564015 7f659199e700                Options.report_bg_io_stats: 0
2020/03/28-14:08:47.564016 7f659199e700                               Options.ttl: 0
2020/03/28-14:08:47.564020 7f659199e700          Options.periodic_compaction_seconds: 0
2020/03/28-14:08:47.564048 7f659199e700 [lumn_family.cc:481] --------------- Options for column family []:
2020/03/28-14:08:47.564050 7f659199e700               Options.comparator: leveldb.BytewiseComparator
2020/03/28-14:08:47.564050 7f659199e700           Options.merge_operator: None
2020/03/28-14:08:47.564051 7f659199e700        Options.compaction_filter: None
2020/03/28-14:08:47.564052 7f659199e700        Options.compaction_filter_factory: None
2020/03/28-14:08:47.564053 7f659199e700         Options.memtable_factory: SkipListFactory
2020/03/28-14:08:47.564053 7f659199e700            Options.table_factory: BlockBasedTable
2020/03/28-14:08:47.564066 7f659199e700            table_factory options:   flush_block_policy_factory: FlushBlockBySizePolicyFactory (0x7f658927fbb0)
  cache_index_and_filter_blocks: 0
  cache_index_and_filter_blocks_with_high_priority: 1
  pin_l0_filter_and_index_blocks_in_cache: 0
  pin_top_level_index_and_filter: 1
  index_type: 0
  data_block_index_type: 0
  index_shortening: 1
  data_block_hash_table_util_ratio: 0.750000
  hash_index_allow_collision: 1
  checksum: 1
  no_block_cache: 0
  block_cache: 0x7f658927fbf0
  block_cache_name: LRUCache
  block_cache_options:
    capacity : 8388608
    num_shard_bits : 4
    strict_capacity_limit : 0
    memory_allocator : None
    high_pri_pool_ratio: 0.000
  block_cache_compressed: (nil)
  persistent_cache: (nil)
  block_size: 4096
  block_size_deviation: 10
  block_restart_interval: 16
  index_block_restart_interval: 1
  metadata_block_size: 4096
  partition_filters: 0
  use_delta_encoding: 1
  filter_policy: nullptr
  whole_key_filtering: 1
  verify_compression: 0
  read_amp_bytes_per_bit: 0
  format_version: 2
  enable_index_compression: 1
  block_align: 0
2020/03/28-14:08:47.564067 7f659199e700        Options.write_buffer_size: 67108864
2020/03/28-14:08:47.564068 7f659199e700  Options.max_write_buffer_number: 2
2020/03/28-14:08:47.564069 7f659199e700          Options.compression: Snappy
2020/03/28-14:08:47.564070 7f659199e700                  Options.bottommost_compression: Disabled
2020/03/28-14:08:47.564071 7f659199e700       Options.prefix_extractor: nullptr
2020/03/28-14:08:47.564072 7f659199e700   Options.memtable_insert_with_hint_prefix_extractor: nullptr
2020/03/28-14:08:47.564072 7f659199e700             Options.num_levels: 7
2020/03/28-14:08:47.564073 7f659199e700        Options.min_write_buffer_number_to_merge: 1
2020/03/28-14:08:47.564074 7f659199e700     Options.max_write_buffer_number_to_maintain: 2
2020/03/28-14:08:47.564075 7f659199e700            Options.bottommost_compression_opts.window_bits: -14
2020/03/28-14:08:47.564075 7f659199e700                  Options.bottommost_compression_opts.level: 32767
2020/03/28-14:08:47.564076 7f659199e700               Options.bottommost_compression_opts.strategy: 0
2020/03/28-14:08:47.564077 7f659199e700         Options.bottommost_compression_opts.max_dict_bytes: 0
2020/03/28-14:08:47.564078 7f659199e700         Options.bottommost_compression_opts.zstd_max_train_bytes: 0
2020/03/28-14:08:47.564079 7f659199e700                  Options.bottommost_compression_opts.enabled: false
2020/03/28-14:08:47.564079 7f659199e700            Options.compression_opts.window_bits: -14
2020/03/28-14:08:47.564080 7f659199e700                  Options.compression_opts.level: 32767
2020/03/28-14:08:47.564081 7f659199e700               Options.compression_opts.strategy: 0
2020/03/28-14:08:47.564082 7f659199e700         Options.compression_opts.max_dict_bytes: 0
2020/03/28-14:08:47.564083 7f659199e700         Options.compression_opts.zstd_max_train_bytes: 0
2020/03/28-14:08:47.564083 7f659199e700                  Options.compression_opts.enabled: false
2020/03/28-14:08:47.564084 7f659199e700      Options.level0_file_num_compaction_trigger: 4
2020/03/28-14:08:47.564085 7f659199e700          Options.level0_slowdown_writes_trigger: 20
2020/03/28-14:08:47.564086 7f659199e700              Options.level0_stop_writes_trigger: 36
2020/03/28-14:08:47.564091 7f659199e700                   Options.target_file_size_base: 67108864
2020/03/28-14:08:47.564092 7f659199e700             Options.target_file_size_multiplier: 1
2020/03/28-14:08:47.564093 7f659199e700                Options.max_bytes_for_level_base: 268435456
2020/03/28-14:08:47.564093 7f659199e700                      Options.snap_refresh_nanos: 0
2020/03/28-14:08:47.564094 7f659199e700 Options.level_compaction_dynamic_level_bytes: 0
2020/03/28-14:08:47.564095 7f659199e700          Options.max_bytes_for_level_multiplier: 10.000000
2020/03/28-14:08:47.564096 7f659199e700 Options.max_bytes_for_level_multiplier_addtl[0]: 1
2020/03/28-14:08:47.564097 7f659199e700 Options.max_bytes_for_level_multiplier_addtl[1]: 1
2020/03/28-14:08:47.564098 7f659199e700 Options.max_bytes_for_level_multiplier_addtl[2]: 1
2020/03/28-14:08:47.564099 7f659199e700 Options.max_bytes_for_level_multiplier_addtl[3]: 1
2020/03/28-14:08:47.564100 7f659199e700 Options.max_bytes_for_level_multiplier_addtl[4]: 1
2020/03/28-14:08:47.564100 7f659199e700 Options.max_bytes_for_level_multiplier_addtl[5]: 1
2020/03/28-14:08:47.564101 7f659199e700 Options.max_bytes_for_level_multiplier_addtl[6]: 1
2020/03/28-14:08:47.564102 7f659199e700       Options.max_sequential_skip_in_iterations: 8
2020/03/28-14:08:47.564103 7f659199e700                    Options.max_compaction_bytes: 1677721600
2020/03/28-14:08:47.564103 7f659199e700                        Options.arena_block_size: 8388608
2020/03/28-14:08:47.564104 7f659199e700   Options.soft_pending_compaction_bytes_limit: 68719476736
2020/03/28-14:08:47.564105 7f659199e700   Options.hard_pending_compaction_bytes_limit: 274877906944
2020/03/28-14:08:47.564106 7f659199e700       Options.rate_limit_delay_max_milliseconds: 100
2020/03/28-14:08:47.564107 7f659199e700                Options.disable_auto_compactions: 1
2020/03/28-14:08:47.564108 7f659199e700                        Options.compaction_style: kCompactionStyleLevel
2020/03/28-14:08:47.564108 7f659199e700                          Options.compaction_pri: kMinOverlappingRatio
2020/03/28-14:08:47.564109 7f659199e700 Options.compaction_options_universal.size_ratio: 1
2020/03/28-14:08:47.564110 7f659199e700 Options.compaction_options_universal.min_merge_width: 2
2020/03/28-14:08:47.564111 7f659199e700 Options.compaction_options_universal.max_merge_width: 4294967295
2020/03/28-14:08:47.564112 7f659199e700 Options.compaction_options_universal.max_size_amplification_percent: 200
2020/03/28-14:08:47.564112 7f659199e700 Options.compaction_options_universal.compression_size_percent: -1
2020/03/28-14:08:47.564113 7f659199e700 Options.compaction_options_universal.stop_style: kCompactionStopStyleTotalSize
2020/03/28-14:08:47.564114 7f659199e700 Options.compaction_options_fifo.max_table_files_size: 1073741824
2020/03/28-14:08:47.564115 7f659199e700 Options.compaction_options_fifo.allow_compaction: 0
