2020/03/28-15:05:48.910163 7fe74295a700 RocksDB version: 6.4.6
2020/03/28-15:05:48.910202 7fe74295a700 Git sha rocksdb_build_git_sha:
2020/03/28-15:05:48.910204 7fe74295a700 Compile date Nov 24 2019
2020/03/28-15:05:48.910210 7fe74295a700 DB SUMMARY
2020/03/28-15:05:48.910248 7fe74295a700 CURRENT file:  CURRENT
2020/03/28-15:05:48.910250 7fe74295a700 IDENTITY file:  IDENTITY
2020/03/28-15:05:48.910253 7fe74295a700 MANIFEST file:  MANIFEST-000045 size: 837 Bytes
2020/03/28-15:05:48.910255 7fe74295a700 SST files in /home/yehia/Documents/Projects/Hyperledger Besu/besu-network-ibft2-master/ibft-besu/node-4/data/database dir, Total Num: 4, files: 000029.sst 000030.sst 000046.sst 000047.sst 
2020/03/28-15:05:48.910256 7fe74295a700 Write Ahead Log file in /home/yehia/Documents/Projects/Hyperledger Besu/besu-network-ibft2-master/ibft-besu/node-4/data/database: 000003.log size: 1589 ; 000031.log size: 663933 ; 000048.log size: 25875 ; 
2020/03/28-15:05:48.910258 7fe74295a700                         Options.error_if_exists: 0
2020/03/28-15:05:48.910259 7fe74295a700                       Options.create_if_missing: 1
2020/03/28-15:05:48.910260 7fe74295a700                         Options.paranoid_checks: 1
2020/03/28-15:05:48.910261 7fe74295a700                                     Options.env: 0x7fe6c25d9b60
2020/03/28-15:05:48.910262 7fe74295a700                                Options.info_log: 0x7fe73d3ac6c0
2020/03/28-15:05:48.910263 7fe74295a700                Options.max_file_opening_threads: 16
2020/03/28-15:05:48.910263 7fe74295a700                              Options.statistics: 0x7fe73d346c60
2020/03/28-15:05:48.910264 7fe74295a700                               Options.use_fsync: 0
2020/03/28-15:05:48.910265 7fe74295a700                       Options.max_log_file_size: 0
2020/03/28-15:05:48.910266 7fe74295a700                  Options.max_manifest_file_size: 1073741824
2020/03/28-15:05:48.910267 7fe74295a700                   Options.log_file_time_to_roll: 0
2020/03/28-15:05:48.910268 7fe74295a700                       Options.keep_log_file_num: 1000
2020/03/28-15:05:48.910268 7fe74295a700                    Options.recycle_log_file_num: 0
2020/03/28-15:05:48.910269 7fe74295a700                         Options.allow_fallocate: 1
2020/03/28-15:05:48.910270 7fe74295a700                        Options.allow_mmap_reads: 0
2020/03/28-15:05:48.910271 7fe74295a700                       Options.allow_mmap_writes: 0
2020/03/28-15:05:48.910272 7fe74295a700                        Options.use_direct_reads: 0
2020/03/28-15:05:48.910272 7fe74295a700                        Options.use_direct_io_for_flush_and_compaction: 0
2020/03/28-15:05:48.910273 7fe74295a700          Options.create_missing_column_families: 1
2020/03/28-15:05:48.910274 7fe74295a700                              Options.db_log_dir: 
2020/03/28-15:05:48.910275 7fe74295a700                                 Options.wal_dir: /home/yehia/Documents/Projects/Hyperledger Besu/besu-network-ibft2-master/ibft-besu/node-4/data/database
2020/03/28-15:05:48.910275 7fe74295a700                Options.table_cache_numshardbits: 6
2020/03/28-15:05:48.910276 7fe74295a700                      Options.max_subcompactions: 1
2020/03/28-15:05:48.910277 7fe74295a700                  Options.max_background_flushes: -1
2020/03/28-15:05:48.910278 7fe74295a700                         Options.WAL_ttl_seconds: 0
2020/03/28-15:05:48.910279 7fe74295a700                       Options.WAL_size_limit_MB: 0
2020/03/28-15:05:48.910279 7fe74295a700             Options.manifest_preallocation_size: 4194304
2020/03/28-15:05:48.910280 7fe74295a700                     Options.is_fd_close_on_exec: 1
2020/03/28-15:05:48.910281 7fe74295a700                   Options.advise_random_on_open: 1
2020/03/28-15:05:48.910282 7fe74295a700                    Options.db_write_buffer_size: 0
2020/03/28-15:05:48.910283 7fe74295a700                    Options.write_buffer_manager: 0x7fe73d3ac590
2020/03/28-15:05:48.910283 7fe74295a700         Options.access_hint_on_compaction_start: 1
2020/03/28-15:05:48.910284 7fe74295a700  Options.new_table_reader_for_compaction_inputs: 0
2020/03/28-15:05:48.910285 7fe74295a700           Options.random_access_max_buffer_size: 1048576
2020/03/28-15:05:48.910292 7fe74295a700                      Options.use_adaptive_mutex: 0
2020/03/28-15:05:48.910294 7fe74295a700                            Options.rate_limiter: (nil)
2020/03/28-15:05:48.910295 7fe74295a700     Options.sst_file_manager.rate_bytes_per_sec: 0
2020/03/28-15:05:48.910296 7fe74295a700                       Options.wal_recovery_mode: 2
2020/03/28-15:05:48.910297 7fe74295a700                  Options.enable_thread_tracking: 0
2020/03/28-15:05:48.910298 7fe74295a700                  Options.enable_pipelined_write: 0
2020/03/28-15:05:48.910298 7fe74295a700                  Options.unordered_write: 0
2020/03/28-15:05:48.910299 7fe74295a700         Options.allow_concurrent_memtable_write: 1
2020/03/28-15:05:48.910300 7fe74295a700      Options.enable_write_thread_adaptive_yield: 1
2020/03/28-15:05:48.910301 7fe74295a700             Options.write_thread_max_yield_usec: 100
2020/03/28-15:05:48.910301 7fe74295a700            Options.write_thread_slow_yield_usec: 3
2020/03/28-15:05:48.910302 7fe74295a700                               Options.row_cache: None
2020/03/28-15:05:48.910303 7fe74295a700                              Options.wal_filter: None
2020/03/28-15:05:48.910304 7fe74295a700             Options.avoid_flush_during_recovery: 0
2020/03/28-15:05:48.910305 7fe74295a700             Options.allow_ingest_behind: 0
2020/03/28-15:05:48.910305 7fe74295a700             Options.preserve_deletes: 0
2020/03/28-15:05:48.910306 7fe74295a700             Options.two_write_queues: 0
2020/03/28-15:05:48.910307 7fe74295a700             Options.manual_wal_flush: 0
2020/03/28-15:05:48.910308 7fe74295a700             Options.atomic_flush: 0
2020/03/28-15:05:48.910309 7fe74295a700             Options.avoid_unnecessary_blocking_io: 0
2020/03/28-15:05:48.910309 7fe74295a700                 Options.persist_stats_to_disk: 0
2020/03/28-15:05:48.910310 7fe74295a700                 Options.log_readahead_size: 0
2020/03/28-15:05:48.910312 7fe74295a700             Options.max_background_jobs: 2
2020/03/28-15:05:48.910312 7fe74295a700             Options.max_background_compactions: 4
2020/03/28-15:05:48.910313 7fe74295a700             Options.avoid_flush_during_shutdown: 0
2020/03/28-15:05:48.910314 7fe74295a700           Options.writable_file_max_buffer_size: 1048576
2020/03/28-15:05:48.910315 7fe74295a700             Options.delayed_write_rate : 16777216
2020/03/28-15:05:48.910316 7fe74295a700             Options.max_total_wal_size: 0
2020/03/28-15:05:48.910316 7fe74295a700             Options.delete_obsolete_files_period_micros: 21600000000
2020/03/28-15:05:48.910317 7fe74295a700                   Options.stats_dump_period_sec: 600
2020/03/28-15:05:48.910318 7fe74295a700                 Options.stats_persist_period_sec: 600
2020/03/28-15:05:48.910319 7fe74295a700                 Options.stats_history_buffer_size: 1048576
2020/03/28-15:05:48.910319 7fe74295a700                          Options.max_open_files: 1024
2020/03/28-15:05:48.910320 7fe74295a700                          Options.bytes_per_sync: 0
2020/03/28-15:05:48.910321 7fe74295a700                      Options.wal_bytes_per_sync: 0
2020/03/28-15:05:48.910322 7fe74295a700                   Options.strict_bytes_per_sync: 0
2020/03/28-15:05:48.910323 7fe74295a700       Options.compaction_readahead_size: 0
2020/03/28-15:05:48.910323 7fe74295a700 Compression algorithms supported:
2020/03/28-15:05:48.910324 7fe74295a700 	kZSTDNotFinalCompression supported: 1
2020/03/28-15:05:48.910329 7fe74295a700 	kZSTD supported: 1
2020/03/28-15:05:48.910330 7fe74295a700 	kXpressCompression supported: 0
2020/03/28-15:05:48.910331 7fe74295a700 	kLZ4HCCompression supported: 1
2020/03/28-15:05:48.910332 7fe74295a700 	kLZ4Compression supported: 1
2020/03/28-15:05:48.910333 7fe74295a700 	kBZip2Compression supported: 1
2020/03/28-15:05:48.910334 7fe74295a700 	kZlibCompression supported: 1
2020/03/28-15:05:48.910334 7fe74295a700 	kSnappyCompression supported: 1
2020/03/28-15:05:48.910337 7fe74295a700 Fast CRC32 supported: Not supported on x86
2020/03/28-15:05:48.910508 7fe74295a700 [rsion_set.cc:4252] Recovering from manifest file: /home/yehia/Documents/Projects/Hyperledger Besu/besu-network-ibft2-master/ibft-besu/node-4/data/database/MANIFEST-000045
2020/03/28-15:05:48.910569 7fe74295a700 [lumn_family.cc:481] --------------- Options for column family [default]:
2020/03/28-15:05:48.910571 7fe74295a700               Options.comparator: leveldb.BytewiseComparator
2020/03/28-15:05:48.910572 7fe74295a700           Options.merge_operator: None
2020/03/28-15:05:48.910573 7fe74295a700        Options.compaction_filter: None
2020/03/28-15:05:48.910574 7fe74295a700        Options.compaction_filter_factory: None
2020/03/28-15:05:48.910575 7fe74295a700         Options.memtable_factory: SkipListFactory
2020/03/28-15:05:48.910576 7fe74295a700            Options.table_factory: BlockBasedTable
2020/03/28-15:05:48.910602 7fe74295a700            table_factory options:   flush_block_policy_factory: FlushBlockBySizePolicyFactory (0x7fe73d349110)
  cache_index_and_filter_blocks: 0
  cache_index_and_filter_blocks_with_high_priority: 0
  pin_l0_filter_and_index_blocks_in_cache: 0
  pin_top_level_index_and_filter: 1
  index_type: 0
  data_block_index_type: 0
  index_shortening: 1
  data_block_hash_table_util_ratio: 0.750000
  hash_index_allow_collision: 1
  checksum: 1
  no_block_cache: 0
  block_cache: 0x7fe73d3472e0
  block_cache_name: LRUCache
  block_cache_options:
    capacity : 8388608
    num_shard_bits : 4
    strict_capacity_limit : 0
    memory_allocator : None
    high_pri_pool_ratio: 0.000
  block_cache_compressed: (nil)
  persistent_cache: (nil)
  block_size: 4096
  block_size_deviation: 10
  block_restart_interval: 16
  index_block_restart_interval: 1
  metadata_block_size: 4096
  partition_filters: 0
  use_delta_encoding: 1
  filter_policy: nullptr
  whole_key_filtering: 1
  verify_compression: 1
  read_amp_bytes_per_bit: 0
  format_version: 2
  enable_index_compression: 1
  block_align: 0
2020/03/28-15:05:48.910604 7fe74295a700        Options.write_buffer_size: 67108864
2020/03/28-15:05:48.910605 7fe74295a700  Options.max_write_buffer_number: 2
2020/03/28-15:05:48.910607 7fe74295a700          Options.compression: Snappy
2020/03/28-15:05:48.910607 7fe74295a700                  Options.bottommost_compression: Disabled
2020/03/28-15:05:48.910608 7fe74295a700       Options.prefix_extractor: nullptr
2020/03/28-15:05:48.910609 7fe74295a700   Options.memtable_insert_with_hint_prefix_extractor: nullptr
2020/03/28-15:05:48.910610 7fe74295a700             Options.num_levels: 7
2020/03/28-15:05:48.910611 7fe74295a700        Options.min_write_buffer_number_to_merge: 1
2020/03/28-15:05:48.910611 7fe74295a700     Options.max_write_buffer_number_to_maintain: 2
2020/03/28-15:05:48.910612 7fe74295a700            Options.bottommost_compression_opts.window_bits: -14
2020/03/28-15:05:48.910613 7fe74295a700                  Options.bottommost_compression_opts.level: 32767
2020/03/28-15:05:48.910614 7fe74295a700               Options.bottommost_compression_opts.strategy: 0
2020/03/28-15:05:48.910615 7fe74295a700         Options.bottommost_compression_opts.max_dict_bytes: 0
2020/03/28-15:05:48.910615 7fe74295a700         Options.bottommost_compression_opts.zstd_max_train_bytes: 0
2020/03/28-15:05:48.910616 7fe74295a700                  Options.bottommost_compression_opts.enabled: false
2020/03/28-15:05:48.910617 7fe74295a700            Options.compression_opts.window_bits: -14
2020/03/28-15:05:48.910618 7fe74295a700                  Options.compression_opts.level: 32767
2020/03/28-15:05:48.910619 7fe74295a700               Options.compression_opts.strategy: 0
2020/03/28-15:05:48.910619 7fe74295a700         Options.compression_opts.max_dict_bytes: 0
2020/03/28-15:05:48.910620 7fe74295a700         Options.compression_opts.zstd_max_train_bytes: 0
2020/03/28-15:05:48.910621 7fe74295a700                  Options.compression_opts.enabled: false
2020/03/28-15:05:48.910622 7fe74295a700      Options.level0_file_num_compaction_trigger: 4
2020/03/28-15:05:48.910623 7fe74295a700          Options.level0_slowdown_writes_trigger: 20
2020/03/28-15:05:48.910630 7fe74295a700              Options.level0_stop_writes_trigger: 36
2020/03/28-15:05:48.910631 7fe74295a700                   Options.target_file_size_base: 67108864
2020/03/28-15:05:48.910631 7fe74295a700             Options.target_file_size_multiplier: 1
2020/03/28-15:05:48.910632 7fe74295a700                Options.max_bytes_for_level_base: 268435456
2020/03/28-15:05:48.910633 7fe74295a700                      Options.snap_refresh_nanos: 0
2020/03/28-15:05:48.910634 7fe74295a700 Options.level_compaction_dynamic_level_bytes: 0
2020/03/28-15:05:48.910635 7fe74295a700          Options.max_bytes_for_level_multiplier: 10.000000
2020/03/28-15:05:48.910636 7fe74295a700 Options.max_bytes_for_level_multiplier_addtl[0]: 1
2020/03/28-15:05:48.910637 7fe74295a700 Options.max_bytes_for_level_multiplier_addtl[1]: 1
2020/03/28-15:05:48.910638 7fe74295a700 Options.max_bytes_for_level_multiplier_addtl[2]: 1
2020/03/28-15:05:48.910639 7fe74295a700 Options.max_bytes_for_level_multiplier_addtl[3]: 1
2020/03/28-15:05:48.910640 7fe74295a700 Options.max_bytes_for_level_multiplier_addtl[4]: 1
2020/03/28-15:05:48.910640 7fe74295a700 Options.max_bytes_for_level_multiplier_addtl[5]: 1
2020/03/28-15:05:48.910641 7fe74295a700 Options.max_bytes_for_level_multiplier_addtl[6]: 1
2020/03/28-15:05:48.910642 7fe74295a700       Options.max_sequential_skip_in_iterations: 8
2020/03/28-15:05:48.910643 7fe74295a700                    Options.max_compaction_bytes: 1677721600
2020/03/28-15:05:48.910644 7fe74295a700                        Options.arena_block_size: 8388608
2020/03/28-15:05:48.910644 7fe74295a700   Options.soft_pending_compaction_bytes_limit: 68719476736
2020/03/28-15:05:48.910645 7fe74295a700   Options.hard_pending_compaction_bytes_limit: 274877906944
2020/03/28-15:05:48.910646 7fe74295a700       Options.rate_limit_delay_max_milliseconds: 100
2020/03/28-15:05:48.910647 7fe74295a700                Options.disable_auto_compactions: 1
2020/03/28-15:05:48.910648 7fe74295a700                        Options.compaction_style: kCompactionStyleLevel
2020/03/28-15:05:48.910649 7fe74295a700                          Options.compaction_pri: kMinOverlappingRatio
2020/03/28-15:05:48.910650 7fe74295a700 Options.compaction_options_universal.size_ratio: 1
2020/03/28-15:05:48.910651 7fe74295a700 Options.compaction_options_universal.min_merge_width: 2
2020/03/28-15:05:48.910651 7fe74295a700 Options.compaction_options_universal.max_merge_width: 4294967295
2020/03/28-15:05:48.910652 7fe74295a700 Options.compaction_options_universal.max_size_amplification_percent: 200
2020/03/28-15:05:48.910653 7fe74295a700 Options.compaction_options_universal.compression_size_percent: -1
2020/03/28-15:05:48.910654 7fe74295a700 Options.compaction_options_universal.stop_style: kCompactionStopStyleTotalSize
2020/03/28-15:05:48.910655 7fe74295a700 Options.compaction_options_fifo.max_table_files_size: 1073741824
2020/03/28-15:05:48.910655 7fe74295a700 Options.compaction_options_fifo.allow_compaction: 0
2020/03/28-15:05:48.910656 7fe74295a700                   Options.table_properties_collectors: 
2020/03/28-15:05:48.910657 7fe74295a700                   Options.inplace_update_support: 0
2020/03/28-15:05:48.910658 7fe74295a700                 Options.inplace_update_num_locks: 10000
2020/03/28-15:05:48.910659 7fe74295a700               Options.memtable_prefix_bloom_size_ratio: 0.000000
2020/03/28-15:05:48.910660 7fe74295a700               Options.memtable_whole_key_filtering: 0
2020/03/28-15:05:48.910660 7fe74295a700   Options.memtable_huge_page_size: 0
2020/03/28-15:05:48.910661 7fe74295a700                           Options.bloom_locality: 0
2020/03/28-15:05:48.910662 7fe74295a700                    Options.max_successive_merges: 0
2020/03/28-15:05:48.910663 7fe74295a700                Options.optimize_filters_for_hits: 0
2020/03/28-15:05:48.910663 7fe74295a700                Options.paranoid_file_checks: 0
2020/03/28-15:05:48.910664 7fe74295a700                Options.force_consistency_checks: 0
2020/03/28-15:05:48.910665 7fe74295a700                Options.report_bg_io_stats: 0
2020/03/28-15:05:48.910669 7fe74295a700                               Options.ttl: 0
2020/03/28-15:05:48.910670 7fe74295a700          Options.periodic_compaction_seconds: 0
2020/03/28-15:05:48.910733 7fe74295a700 [lumn_family.cc:481] --------------- Options for column family []:
2020/03/28-15:05:48.910735 7fe74295a700               Options.comparator: leveldb.BytewiseComparator
2020/03/28-15:05:48.910736 7fe74295a700           Options.merge_operator: None
2020/03/28-15:05:48.910737 7fe74295a700        Options.compaction_filter: None
2020/03/28-15:05:48.910738 7fe74295a700        Options.compaction_filter_factory: None
2020/03/28-15:05:48.910738 7fe74295a700         Options.memtable_factory: SkipListFactory
2020/03/28-15:05:48.910739 7fe74295a700            Options.table_factory: BlockBasedTable
2020/03/28-15:05:48.910755 7fe74295a700            table_factory options:   flush_block_policy_factory: FlushBlockBySizePolicyFactory (0x7fe73d342a00)
  cache_index_and_filter_blocks: 0
  cache_index_and_filter_blocks_with_high_priority: 1
  pin_l0_filter_and_index_blocks_in_cache: 0
  pin_top_level_index_and_filter: 1
  index_type: 0
  data_block_index_type: 0
  index_shortening: 1
  data_block_hash_table_util_ratio: 0.750000
  hash_index_allow_collision: 1
  checksum: 1
  no_block_cache: 0
  block_cache: 0x7fe73d342c40
  block_cache_name: LRUCache
  block_cache_options:
    capacity : 8388608
    num_shard_bits : 4
    strict_capacity_limit : 0
    memory_allocator : None
    high_pri_pool_ratio: 0.000
  block_cache_compressed: (nil)
  persistent_cache: (nil)
  block_size: 4096
  block_size_deviation: 10
  block_restart_interval: 16
  index_block_restart_interval: 1
  metadata_block_size: 4096
  partition_filters: 0
  use_delta_encoding: 1
  filter_policy: nullptr
  whole_key_filtering: 1
  verify_compression: 0
  read_amp_bytes_per_bit: 0
  format_version: 2
  enable_index_compression: 1
  block_align: 0
2020/03/28-15:05:48.910757 7fe74295a700        Options.write_buffer_size: 67108864
2020/03/28-15:05:48.910757 7fe74295a700  Options.max_write_buffer_number: 2
2020/03/28-15:05:48.910758 7fe74295a700          Options.compression: Snappy
2020/03/28-15:05:48.910759 7fe74295a700                  Options.bottommost_compression: Disabled
2020/03/28-15:05:48.910760 7fe74295a700       Options.prefix_extractor: nullptr
2020/03/28-15:05:48.910761 7fe74295a700   Options.memtable_insert_with_hint_prefix_extractor: nullptr
2020/03/28-15:05:48.910762 7fe74295a700             Options.num_levels: 7
2020/03/28-15:05:48.910762 7fe74295a700        Options.min_write_buffer_number_to_merge: 1
2020/03/28-15:05:48.910763 7fe74295a700     Options.max_write_buffer_number_to_maintain: 2
2020/03/28-15:05:48.910764 7fe74295a700            Options.bottommost_compression_opts.window_bits: -14
2020/03/28-15:05:48.910765 7fe74295a700                  Options.bottommost_compression_opts.level: 32767
2020/03/28-15:05:48.910765 7fe74295a700               Options.bottommost_compression_opts.strategy: 0
2020/03/28-15:05:48.910766 7fe74295a700         Options.bottommost_compression_opts.max_dict_bytes: 0
2020/03/28-15:05:48.910767 7fe74295a700         Options.bottommost_compression_opts.zstd_max_train_bytes: 0
2020/03/28-15:05:48.910768 7fe74295a700                  Options.bottommost_compression_opts.enabled: false
2020/03/28-15:05:48.910769 7fe74295a700            Options.compression_opts.window_bits: -14
2020/03/28-15:05:48.910769 7fe74295a700                  Options.compression_opts.level: 32767
2020/03/28-15:05:48.910770 7fe74295a700               Options.compression_opts.strategy: 0
2020/03/28-15:05:48.910771 7fe74295a700         Options.compression_opts.max_dict_bytes: 0
2020/03/28-15:05:48.910772 7fe74295a700         Options.compression_opts.zstd_max_train_bytes: 0
2020/03/28-15:05:48.910772 7fe74295a700                  Options.compression_opts.enabled: false
2020/03/28-15:05:48.910773 7fe74295a700      Options.level0_file_num_compaction_trigger: 4
2020/03/28-15:05:48.910774 7fe74295a700          Options.level0_slowdown_writes_trigger: 20
2020/03/28-15:05:48.910781 7fe74295a700              Options.level0_stop_writes_trigger: 36
2020/03/28-15:05:48.910782 7fe74295a700                   Options.target_file_size_base: 67108864
2020/03/28-15:05:48.910782 7fe74295a700             Options.target_file_size_multiplier: 1
2020/03/28-15:05:48.910783 7fe74295a700                Options.max_bytes_for_level_base: 268435456
2020/03/28-15:05:48.910784 7fe74295a700                      Options.snap_refresh_nanos: 0
2020/03/28-15:05:48.910785 7fe74295a700 Options.level_compaction_dynamic_level_bytes: 0
2020/03/28-15:05:48.910786 7fe74295a700          Options.max_bytes_for_level_multiplier: 10.000000
2020/03/28-15:05:48.910787 7fe74295a700 Options.max_bytes_for_level_multiplier_addtl[0]: 1
2020/03/28-15:05:48.910788 7fe74295a700 Options.max_bytes_for_level_multiplier_addtl[1]: 1
2020/03/28-15:05:48.910789 7fe74295a700 Options.max_bytes_for_level_multiplier_addtl[2]: 1
2020/03/28-15:05:48.910789 7fe74295a700 Options.max_bytes_for_level_multiplier_addtl[3]: 1
2020/03/28-15:05:48.910790 7fe74295a700 Options.max_bytes_for_level_multiplier_addtl[4]: 1
2020/03/28-15:05:48.910791 7fe74295a700 Options.max_bytes_for_level_multiplier_addtl[5]: 1
2020/03/28-15:05:48.910792 7fe74295a700 Options.max_bytes_for_level_multiplier_addtl[6]: 1
2020/03/28-15:05:48.910793 7fe74295a700       Options.max_sequential_skip_in_iterations: 8
2020/03/28-15:05:48.910793 7fe74295a700                    Options.max_compaction_bytes: 1677721600
2020/03/28-15:05:48.910794 7fe74295a700                        Options.arena_block_size: 8388608
2020/03/28-15:05:48.910795 7fe74295a700   Options.soft_pending_compaction_bytes_limit: 68719476736
2020/03/28-15:05:48.910796 7fe74295a700   Options.hard_pending_compaction_bytes_limit: 274877906944
2020/03/28-15:05:48.910796 7fe74295a700       Options.rate_limit_delay_max_milliseconds: 100
2020/03/28-15:05:48.910797 7fe74295a700                Options.disable_auto_compactions: 1
2020/03/28-15:05:48.910798 7fe74295a700                        Options.compaction_style: kCompactionStyleLevel
2020/03/28-15:05:48.910799 7fe74295a700                          Options.compaction_pri: kMinOverlappingRatio
2020/03/28-15:05:48.910800 7fe74295a700 Options.compaction_options_universal.size_ratio: 1
2020/03/28-15:05:48.910801 7fe74295a700 Options.compaction_options_universal.min_merge_width: 2
2020/03/28-15:05:48.910801 7fe74295a700 Options.compaction_options_universal.max_merge_width: 4294967295
2020/03/28-15:05:48.910802 7fe74295a700 Options.compaction_options_universal.max_size_amplification_percent: 200
2020/03/28-15:05:48.910803 7fe74295a700 Options.compaction_options_universal.compression_size_percent: -1
2020/03/28-15:05:48.910804 7fe74295a700 Options.compaction_options_universal.stop_style: kCompactionStopStyleTotalSize
2020/03/28-15:05:48.910805 7fe74295a700 Options.compaction_options_fifo.max_table_files_size: 1073741824
2020/03/28-15:05:48.910805 7fe74295a700 Options.compaction_options_fifo.allow_compaction: 0
2020/03/28-15:05:48.910806 7fe74295a700                   Options.table_properties_collectors: 
2020/03/28-15:05:48.910807 7fe74295a700                   Options.inplace_update_support: 0
2020/03/28-15:05:48.910808 7fe74295a700                 Options.inplace_update_num_locks: 10000
2020/03/28-15:05:48.910808 7fe74295a700               Options.memtable_prefix_bloom_size_ratio: 0.000000
2020/03/28-15:05:48.910809 7fe74295a700               Options.memtable_whole_key_filtering: 0
2020/03/28-15:05:48.910810 7fe74295a700   Options.memtable_huge_page_size: 0
2020/03/28-15:05:48.910811 7fe74295a700                           Options.bloom_locality: 0
2020/03/28-15:05:48.910812 7fe74295a700                    Options.max_successive_merges: 0
2020/03/28-15:05:48.910812 7fe74295a700                Options.optimize_filters_for_hits: 0
2020/03/28-15:05:48.910813 7fe74295a700                Options.paranoid_file_checks: 0
2020/03/28-15:05:48.910814 7fe74295a700                Options.force_consistency_checks: 0
2020/03/28-15:05:48.910815 7fe74295a700                Options.report_bg_io_stats: 0
2020/03/28-15:05:48.910819 7fe74295a700                               Options.ttl: 0
2020/03/28-15:05:48.910820 7fe74295a700          Options.periodic_compaction_seconds: 0
2020/03/28-15:05:48.910844 7fe74295a700 [lumn_family.cc:481] --------------- Options for column family []:
2020/03/28-15:05:48.910846 7fe74295a700               Options.comparator: leveldb.BytewiseComparator
2020/03/28-15:05:48.910846 7fe74295a700           Options.merge_operator: None
2020/03/28-15:05:48.910847 7fe74295a700        Options.compaction_filter: None
2020/03/28-15:05:48.910848 7fe74295a700        Options.compaction_filter_factory: None
2020/03/28-15:05:48.910849 7fe74295a700         Options.memtable_factory: SkipListFactory
2020/03/28-15:05:48.910850 7fe74295a700            Options.table_factory: BlockBasedTable
2020/03/28-15:05:48.910864 7fe74295a700            table_factory options:   flush_block_policy_factory: FlushBlockBySizePolicyFactory (0x7fe73d3417b0)
  cache_index_and_filter_blocks: 0
  cache_index_and_filter_blocks_with_high_priority: 1
  pin_l0_filter_and_index_blocks_in_cache: 0
  pin_top_level_index_and_filter: 1
  index_type: 0
  data_block_index_type: 0
  index_shortening: 1
  data_block_hash_table_util_ratio: 0.750000
  hash_index_allow_collision: 1
  checksum: 1
  no_block_cache: 0
  block_cache: 0x7fe73d3417f0
  block_cache_name: LRUCache
  block_cache_options:
    capacity : 8388608
    num_shard_bits : 4
    strict_capacity_limit : 0
    memory_allocator : None
    high_pri_pool_ratio: 0.000
  block_cache_compressed: (nil)
  persistent_cache: (nil)
  block_size: 4096
  block_size_deviation: 10
  block_restart_interval: 16
  index_block_restart_interval: 1
  metadata_block_size: 4096
  partition_filters: 0
  use_delta_encoding: 1
  filter_policy: nullptr
  whole_key_filtering: 1
  verify_compression: 0
  read_amp_bytes_per_bit: 0
  format_version: 2
  enable_index_compression: 1
  block_align: 0
2020/03/28-15:05:48.910865 7fe74295a700        Options.write_buffer_size: 67108864
2020/03/28-15:05:48.910866 7fe74295a700  Options.max_write_buffer_number: 2
2020/03/28-15:05:48.910867 7fe74295a700          Options.compression: Snappy
2020/03/28-15:05:48.910867 7fe74295a700                  Options.bottommost_compression: Disabled
2020/03/28-15:05:48.910868 7fe74295a700       Options.prefix_extractor: nullptr
2020/03/28-15:05:48.910869 7fe74295a700   Options.memtable_insert_with_hint_prefix_extractor: nullptr
2020/03/28-15:05:48.910870 7fe74295a700             Options.num_levels: 7
2020/03/28-15:05:48.910871 7fe74295a700        Options.min_write_buffer_number_to_merge: 1
2020/03/28-15:05:48.910871 7fe74295a700     Options.max_write_buffer_number_to_maintain: 2
2020/03/28-15:05:48.910872 7fe74295a700            Options.bottommost_compression_opts.window_bits: -14
2020/03/28-15:05:48.910873 7fe74295a700                  Options.bottommost_compression_opts.level: 32767
2020/03/28-15:05:48.910874 7fe74295a700               Options.bottommost_compression_opts.strategy: 0
2020/03/28-15:05:48.910874 7fe74295a700         Options.bottommost_compression_opts.max_dict_bytes: 0
2020/03/28-15:05:48.910875 7fe74295a700         Options.bottommost_compression_opts.zstd_max_train_bytes: 0
2020/03/28-15:05:48.910876 7fe74295a700                  Options.bottommost_compression_opts.enabled: false
2020/03/28-15:05:48.910877 7fe74295a700            Options.compression_opts.window_bits: -14
2020/03/28-15:05:48.910877 7fe74295a700                  Options.compression_opts.level: 32767
2020/03/28-15:05:48.910878 7fe74295a700               Options.compression_opts.strategy: 0
2020/03/28-15:05:48.910879 7fe74295a700         Options.compression_opts.max_dict_bytes: 0
2020/03/28-15:05:48.910880 7fe74295a700         Options.compression_opts.zstd_max_train_bytes: 0
2020/03/28-15:05:48.910880 7fe74295a700                  Options.compression_opts.enabled: false
2020/03/28-15:05:48.910881 7fe74295a700      Options.level0_file_num_compaction_trigger: 4
2020/03/28-15:05:48.910882 7fe74295a700          Options.level0_slowdown_writes_trigger: 20
2020/03/28-15:05:48.910888 7fe74295a700              Options.level0_stop_writes_trigger: 36
2020/03/28-15:05:48.910889 7fe74295a700                   Options.target_file_size_base: 67108864
2020/03/28-15:05:48.910889 7fe74295a700             Options.target_file_size_multiplier: 1
2020/03/28-15:05:48.910890 7fe74295a700                Options.max_bytes_for_level_base: 268435456
2020/03/28-15:05:48.910891 7fe74295a700                      Options.snap_refresh_nanos: 0
2020/03/28-15:05:48.910892 7fe74295a700 Options.level_compaction_dynamic_level_bytes: 0
2020/03/28-15:05:48.910893 7fe74295a700          Options.max_bytes_for_level_multiplier: 10.000000
2020/03/28-15:05:48.910894 7fe74295a700 Options.max_bytes_for_level_multiplier_addtl[0]: 1
2020/03/28-15:05:48.910895 7fe74295a700 Options.max_bytes_for_level_multiplier_addtl[1]: 1
2020/03/28-15:05:48.910895 7fe74295a700 Options.max_bytes_for_level_multiplier_addtl[2]: 1
2020/03/28-15:05:48.910896 7fe74295a700 Options.max_bytes_for_level_multiplier_addtl[3]: 1
2020/03/28-15:05:48.910897 7fe74295a700 Options.max_bytes_for_level_multiplier_addtl[4]: 1
2020/03/28-15:05:48.910898 7fe74295a700 Options.max_bytes_for_level_multiplier_addtl[5]: 1
2020/03/28-15:05:48.910899 7fe74295a700 Options.max_bytes_for_level_multiplier_addtl[6]: 1
2020/03/28-15:05:48.910899 7fe74295a700       Options.max_sequential_skip_in_iterations: 8
2020/03/28-15:05:48.910900 7fe74295a700                    Options.max_compaction_bytes: 1677721600
2020/03/28-15:05:48.910901 7fe74295a700                        Options.arena_block_size: 8388608
2020/03/28-15:05:48.910902 7fe74295a700   Options.soft_pending_compaction_bytes_limit: 68719476736
2020/03/28-15:05:48.910903 7fe74295a700   Options.hard_pending_compaction_bytes_limit: 274877906944
2020/03/28-15:05:48.910903 7fe74295a700       Options.rate_limit_delay_max_milliseconds: 100
2020/03/28-15:05:48.910904 7fe74295a700                Options.disable_auto_compactions: 1
2020/03/28-15:05:48.910905 7fe74295a700                        Options.compaction_style: kCompactionStyleLevel
2020/03/28-15:05:48.910906 7fe74295a700                          Options.compaction_pri: kMinOverlappingRatio
2020/03/28-15:05:48.910906 7fe74295a700 Options.compaction_options_universal.size_ratio: 1
2020/03/28-15:05:48.910907 7fe74295a700 Options.compaction_options_universal.min_merge_width: 2
2020/03/28-15:05:48.910908 7fe74295a700 Options.compaction_options_universal.max_merge_width: 4294967295
2020/03/28-15:05:48.910909 7fe74295a700 Options.compaction_options_universal.max_size_amplification_percent: 200
2020/03/28-15:05:48.910910 7fe74295a700 Options.compaction_options_universal.compression_size_percent: -1
2020/03/28-15:05:48.910910 7fe74295a700 Options.compaction_options_universal.stop_style: kCompactionStopStyleTotalSize
2020/03/28-15:05:48.910911 7fe74295a700 Options.compaction_options_fifo.max_table_files_size: 1073741824
2020/03/28-15:05:48.910912 7fe74295a700 Options.compaction_options_fifo.allow_compaction: 0
2020/03/28-15:05:48.910913 7fe74295a700                   Options.table_properties_collectors: 
2020/03/28-15:05:48.910913 7fe74295a700                   Options.inplace_update_support: 0
2020/03/28-15:05:48.910914 7fe74295a700                 Options.inplace_update_num_locks: 10000
2020/03/28-15:05:48.910915 7fe74295a700               Options.memtable_prefix_bloom_size_ratio: 0.000000
2020/03/28-15:05:48.910916 7fe74295a700               Options.memtable_whole_key_filtering: 0
2020/03/28-15:05:48.910917 7fe74295a700   Options.memtable_huge_page_size: 0
2020/03/28-15:05:48.910918 7fe74295a700                           Options.bloom_locality: 0
2020/03/28-15:05:48.910918 7fe74295a700                    Options.max_successive_merges: 0
2020/03/28-15:05:48.910919 7fe74295a700                Options.optimize_filters_for_hits: 0
2020/03/28-15:05:48.910920 7fe74295a700                Options.paranoid_file_checks: 0
2020/03/28-15:05:48.910921 7fe74295a700                Options.force_consistency_checks: 0
2020/03/28-15:05:48.910921 7fe74295a700                Options.report_bg_io_stats: 0
2020/03/28-15:05:48.910925 7fe74295a700                               Options.ttl: 0
2020/03/28-15:05:48.910926 7fe74295a700          Options.periodic_compaction_seconds: 0
2020/03/28-15:05:48.910944 7fe74295a700 [lumn_family.cc:481] --------------- Options for column family []:
2020/03/28-15:05:48.910945 7fe74295a700               Options.comparator: leveldb.BytewiseComparator
2020/03/28-15:05:48.910946 7fe74295a700           Options.merge_operator: None
2020/03/28-15:05:48.910947 7fe74295a700        Options.compaction_filter: None
2020/03/28-15:05:48.910948 7fe74295a700        Options.compaction_filter_factory: None
2020/03/28-15:05:48.910948 7fe74295a700         Options.memtable_factory: SkipListFactory
2020/03/28-15:05:48.910949 7fe74295a700            Options.table_factory: BlockBasedTable
2020/03/28-15:05:48.910964 7fe74295a700            table_factory options:   flush_block_policy_factory: FlushBlockBySizePolicyFactory (0x7fe73d3387f0)
  cache_index_and_filter_blocks: 0
  cache_index_and_filter_blocks_with_high_priority: 1
  pin_l0_filter_and_index_blocks_in_cache: 0
  pin_top_level_index_and_filter: 1
  index_type: 0
  data_block_index_type: 0
  index_shortening: 1
  data_block_hash_table_util_ratio: 0.750000
  hash_index_allow_collision: 1
  checksum: 1
  no_block_cache: 0
  block_cache: 0x7fe73d338830
  block_cache_name: LRUCache
  block_cache_options:
    capacity : 8388608
    num_shard_bits : 4
    strict_capacity_limit : 0
    memory_allocator : None
    high_pri_pool_ratio: 0.000
  block_cache_compressed: (nil)
  persistent_cache: (nil)
  block_size: 4096
  block_size_deviation: 10
  block_restart_interval: 16
  index_block_restart_interval: 1
  metadata_block_size: 4096
  partition_filters: 0
  use_delta_encoding: 1
  filter_policy: nullptr
  whole_key_filtering: 1
  verify_compression: 0
  read_amp_bytes_per_bit: 0
  format_version: 2
  enable_index_compression: 1
  block_align: 0
2020/03/28-15:05:48.910966 7fe74295a700        Options.write_buffer_size: 67108864
2020/03/28-15:05:48.910967 7fe74295a700  Options.max_write_buffer_number: 2
2020/03/28-15:05:48.910968 7fe74295a700          Options.compression: Snappy
2020/03/28-15:05:48.910969 7fe74295a700                  Options.bottommost_compression: Disabled
2020/03/28-15:05:48.910970 7fe74295a700       Options.prefix_extractor: nullptr
2020/03/28-15:05:48.910971 7fe74295a700   Options.memtable_insert_with_hint_prefix_extractor: nullptr
2020/03/28-15:05:48.910971 7fe74295a700             Options.num_levels: 7
2020/03/28-15:05:48.910972 7fe74295a700        Options.min_write_buffer_number_to_merge: 1
2020/03/28-15:05:48.910973 7fe74295a700     Options.max_write_buffer_number_to_maintain: 2
2020/03/28-15:05:48.910974 7fe74295a700            Options.bottommost_compression_opts.window_bits: -14
2020/03/28-15:05:48.910974 7fe74295a700                  Options.bottommost_compression_opts.level: 32767
2020/03/28-15:05:48.910975 7fe74295a700               Options.bottommost_compression_opts.strategy: 0
2020/03/28-15:05:48.910976 7fe74295a700         Options.bottommost_compression_opts.max_dict_bytes: 0
2020/03/28-15:05:48.910977 7fe74295a700         Options.bottommost_compression_opts.zstd_max_train_bytes: 0
2020/03/28-15:05:48.910977 7fe74295a700                  Options.bottommost_compression_opts.enabled: false
2020/03/28-15:05:48.910978 7fe74295a700            Options.compression_opts.window_bits: -14
2020/03/28-15:05:48.910979 7fe74295a700                  Options.compression_opts.level: 32767
2020/03/28-15:05:48.910980 7fe74295a700               Options.compression_opts.strategy: 0
2020/03/28-15:05:48.910981 7fe74295a700         Options.compression_opts.max_dict_bytes: 0
2020/03/28-15:05:48.910981 7fe74295a700         Options.compression_opts.zstd_max_train_bytes: 0
2020/03/28-15:05:48.910982 7fe74295a700                  Options.compression_opts.enabled: false
2020/03/28-15:05:48.910983 7fe74295a700      Options.level0_file_num_compaction_trigger: 4
2020/03/28-15:05:48.910984 7fe74295a700          Options.level0_slowdown_writes_trigger: 20
2020/03/28-15:05:48.910989 7fe74295a700              Options.level0_stop_writes_trigger: 36
2020/03/28-15:05:48.910990 7fe74295a700                   Options.target_file_size_base: 67108864
2020/03/28-15:05:48.910991 7fe74295a700             Options.target_file_size_multiplier: 1
2020/03/28-15:05:48.910992 7fe74295a700                Options.max_bytes_for_level_base: 268435456
2020/03/28-15:05:48.910992 7fe74295a700                      Options.snap_refresh_nanos: 0
2020/03/28-15:05:48.910993 7fe74295a700 Options.level_compaction_dynamic_level_bytes: 0
2020/03/28-15:05:48.910994 7fe74295a700          Options.max_bytes_for_level_multiplier: 10.000000
2020/03/28-15:05:48.910995 7fe74295a700 Options.max_bytes_for_level_multiplier_addtl[0]: 1
2020/03/28-15:05:48.910996 7fe74295a700 Options.max_bytes_for_level_multiplier_addtl[1]: 1
2020/03/28-15:05:48.910997 7fe74295a700 Options.max_bytes_for_level_multiplier_addtl[2]: 1
2020/03/28-15:05:48.910998 7fe74295a700 Options.max_bytes_for_level_multiplier_addtl[3]: 1
2020/03/28-15:05:48.910998 7fe74295a700 Options.max_bytes_for_level_multiplier_addtl[4]: 1
2020/03/28-15:05:48.910999 7fe74295a700 Options.max_bytes_for_level_multiplier_addtl[5]: 1
2020/03/28-15:05:48.911000 7fe74295a700 Options.max_bytes_for_level_multiplier_addtl[6]: 1
2020/03/28-15:05:48.911001 7fe74295a700       Options.max_sequential_skip_in_iterations: 8
2020/03/28-15:05:48.911002 7fe74295a700                    Options.max_compaction_bytes: 1677721600
2020/03/28-15:05:48.911002 7fe74295a700                        Options.arena_block_size: 8388608
2020/03/28-15:05:48.911003 7fe74295a700   Options.soft_pending_compaction_bytes_limit: 68719476736
2020/03/28-15:05:48.911004 7fe74295a700   Options.hard_pending_compaction_bytes_limit: 274877906944
2020/03/28-15:05:48.911005 7fe74295a700       Options.rate_limit_delay_max_milliseconds: 100
2020/03/28-15:05:48.911006 7fe74295a700                Options.disable_auto_compactions: 1
2020/03/28-15:05:48.911006 7fe74295a700                        Options.compaction_style: kCompactionStyleLevel
2020/03/28-15:05:48.911007 7fe74295a700                          Options.compaction_pri: kMinOverlappingRatio
2020/03/28-15:05:48.911008 7fe74295a700 Options.compaction_options_universal.size_ratio: 1
2020/03/28-15:05:48.911009 7fe74295a700 Options.compaction_options_universal.min_merge_width: 2
2020/03/28-15:05:48.911009 7fe74295a700 Options.compaction_options_universal.max_merge_width: 4294967295
2020/03/28-15:05:48.911010 7fe74295a700 Options.compaction_options_universal.max_size_amplification_percent: 200
2020/03/28-15:05:48.911011 7fe74295a700 Options.compaction_options_universal.compression_size_percent: -1
2020/03/28-15:05:48.911012 7fe74295a700 Options.compaction_options_universal.stop_style: kCompactionStopStyleTotalSize
2020/03/28-15:05:48.911013 7fe74295a700 Options.compaction_options_fifo.max_table_files_size: 1073741824
